          90      57.0556      54.2438      10.0694       1.0000            6
          92      20.3993       8.3194      55.6809       1.0000            6
         110      25.9252      41.3689      30.9935       1.0000            6
         208      27.1135      49.8107      22.1796       1.0000            6
         432      45.9877      10.0320      45.9598       1.0000            6
         446      51.6463      42.9865      28.9693       1.0000            6
         449      44.3848      39.0361      41.4683       1.0000            6
         461      30.6826      42.7362      44.7065       1.0000            6
         462      15.4652       7.1632      22.9086       1.0000            6
         467      56.4278      27.5666      42.2884       1.0000            6
         479      20.5359      24.3162      59.1698       1.0000            6
         489      62.6208      20.0668      36.8510       1.0000            6
         548      14.5644      41.5308      14.9350       1.0000            6
         559      35.4907       9.5689      25.4176       1.0000            6
         560       9.9178      50.4048      26.4984       1.0000            6
         759      27.7729      20.8352      27.7646       1.0000            6
         779      17.8076      22.9995       9.7180       1.0000            6
         812      10.4551      58.5780      50.2903       1.0000            6
         816      34.0940      48.3919      16.0429       1.0000            6
         823      55.9507      19.6793      17.5491       1.0000            6
         824      12.2183      50.9083      11.1074       1.0000            6
         835      43.0365      57.1984      19.1170       1.0000            6
         967      51.6169      30.3583      17.7758       1.0000            6
        1037      16.2939      40.7096      60.9884       1.0000            6
        1059      40.7818      16.8308      56.6930       1.0000            6
        1144      11.2909      58.4239      39.1715       1.0000            6
        1145      50.5354      43.5233      31.3040       1.0000            6
        1153       9.9155      41.1684      18.1691       1.0000            6
        1171       6.4497      39.3983      51.0971       1.0000            6
        1188      42.0563      34.0449      19.2270       1.0000            6
        1245      42.7547      41.8245       9.2126       1.0000            6
        1359      20.5048      23.4812      50.2166       1.0000            6
        1417      12.7238      42.0614       3.7207       1.0000            6
        1434      37.8515      52.8164      20.5549       1.0000            6
        1596      47.1317      32.2741      20.1920       1.0000            6
        1607       5.7620      49.7831      49.6841       1.0000            6
        1609      30.5288      60.4899      52.6385       1.0000            6
        1653      47.6763      28.9562      20.0995       1.0000            6
        1663      54.0120      24.3042      28.4782       1.0000            6
        1710       9.7113      38.5020       6.4668       1.0000            6
        1759      39.0781      30.6637      46.8363       1.0000            6
        1819      43.4720      20.9013      31.8784       1.0000            6
        1903      37.5533      57.1883      16.4161       1.0000            6
        1911      12.2543      52.3524      31.4074       1.0000            6
        1951      27.0466      30.4459      50.2608       1.0000            6
        1959       8.4713      22.5438      14.9802       1.0000            6
        1976      37.9451      25.2942      59.1365       1.0000            6
        2012      51.6068      51.4990      16.7506       1.0000            6
        2052      43.4608      27.5651      48.1760       1.0000            6
        2089       9.6551      51.1888      56.7328       1.0000            6
        2111      17.1174      63.0843      22.1314       1.0000            6
        2115      31.1947      38.7492      31.7086       1.0000            6
        2123      29.9997      38.6332      42.9364       1.0000            6
        2132       4.4236      56.6015      27.7126       1.0000            6
        2137      11.0811      16.3442      57.5081       1.0000            6
        2153      61.2477      16.3503      43.8865       1.0000            6
        2161      19.5240       3.6587      51.2944       1.0000            6
        2191      62.4418      18.5495      39.0747       1.0000            6
        2209      56.5892      11.6251      48.1086       1.0000            6
        2244      45.2341      32.0995      26.3356       1.0000            6
        2361      19.4585      30.6407      48.9415       1.0000            6
        2426      40.0441      55.3628      29.1556       1.0000            6
        2453      23.6100      35.7688      61.7464       1.0000            6
        2531      41.0115      56.4842      26.3479       1.0000            6
        2558       7.8087      49.0686       3.5252       1.0000            6
        2712      55.0700      47.1427      49.3938       1.0000            6
        2745      36.2996      45.7721       5.9583       1.0000            6
        2761      17.2086      46.4491      55.6774       1.0000            6
        2765      43.8088      32.9986      37.7327       1.0000            6
        2817      10.2677      51.0571      29.2245       1.0000            6
        2865      26.1982      45.9288      46.5177       1.0000            6
        3016      54.3879      57.2442      43.8067       1.0000            6
        3072       6.1817      61.3361       5.1062       1.0000            6
        3145      14.3441      35.9357      37.4155       1.0000            6
        3194       5.3337      37.9661      37.8172       1.0000            6
        3216      36.2572      13.7599      63.4402       1.0000            6
        3306      41.3421      62.1734      62.8102       1.0000            6
        3315       8.0722      29.3730      55.4757       1.0000            6
        3335      17.0511       4.2935      50.2610       1.0000            6
        3507       9.7043      15.6958      50.1994       1.0000            6
        3537      38.4403       8.7332      61.5514       1.0000            6
        3589      16.5352      59.8586      52.6514       1.0000            6
        3623      44.5383      55.8973      27.0284       1.0000            6
        3779      15.2791      19.0215      36.8253       1.0000            6
        3821      50.6753       4.2575      45.0402       1.0000            6
        3845      59.1330      34.2641      56.9021       1.0000            6
        3906      10.5181      28.4709      54.3252       1.0000            6
        3930      21.5842      16.6749      58.0300       1.0000            6
        3946      16.5580      56.1787      12.7577       1.0000            6
        4001      26.4612      15.3792      40.9602       1.0000            6
        4017      45.9690      31.4690      37.3910       1.0000            6
        4046      33.8836      49.5393      62.2425       1.0000            6
        4084      29.4544      29.2819      50.4274       1.0000            6
        4119      39.1496      52.0541      52.7054       1.0000            6
        4151      38.7169      57.0211      14.0953       1.0000            6
        4274      11.2987      59.9520      53.6192       1.0000            6
        4278      30.6973      55.4326      55.8518       1.0000            6
        4281      42.4388      37.6272      42.0073       1.0000            6
        4332      50.0074      14.9471      26.4114       1.0000            6
        4369      35.8990      62.7126      51.4432       1.0000            6
        4399      24.8242      15.2831      15.8948       1.0000            6
        4517      25.6298      12.3578      50.4766       1.0000            6
        4543       4.4227      63.0657      15.5977       1.0000            6
        4549      58.1253       7.8069      59.5661       1.0000            6
        4606      12.7434      54.5301      48.1216       1.0000            6
        4609      34.6508       5.4698      51.6383       1.0000            6
        4718      45.9773      41.2117      13.2415       1.0000            6
        4730      18.9001      44.0254      31.9050       1.0000            6
        4772      59.9225      45.4202      62.7543       1.0000            6
        4826      16.6073      37.4518      12.5531       1.0000            6
        4840      21.6717      14.4810      44.6921       1.0000            6
        4869      13.0091      39.0239      44.6660       1.0000            6
        4878      41.3311      54.7371      35.2582       1.0000            6
        4899      40.4327      16.6304      60.1133       1.0000            6
        4904      30.7004      20.3625       6.6295       1.0000            6
        4926      55.5169      16.2736      39.6016       1.0000            6
        4927      28.4131      25.9618      27.9004       1.0000            6
        4960       9.7780      41.4644      10.7733       1.0000            6
        4961       7.2502      38.3987      25.1027       1.0000            6
        4971      52.9824      22.3710      23.9548       1.0000            6
        5019      40.7703      36.3177      39.4380       1.0000            6
        5028      13.4702      23.7180      46.6909       1.0000            6
        5095      49.9729      59.1207      45.7613       1.0000            6
        5104      38.3041      61.9864      25.4550       1.0000            6
        5111      31.3701      15.5838      10.1220       1.0000            6
        5122      10.2445      44.0012      10.0458       1.0000            6
        5166      38.0424      15.5541       3.5867       1.0000            6
        5199      41.5398      25.4125      36.4565       1.0000            6
        5239      11.1216      36.5702      57.5400       1.0000            6
        5249      62.1014      37.9390      57.7993       1.0000            6
        5272      52.5228      50.0283      33.2712       1.0000            6
        5288      39.3130      53.0148      22.6907       1.0000            6
        5347       6.8514      61.8437      55.8003       1.0000            6
        5419      10.3697      31.3387      45.2216       1.0000            6
        5452      57.7664      19.5057      57.4161       1.0000            6
        5492      55.5192      14.9734       9.0773       1.0000            6
        5511      47.7137      43.1583      43.0687       1.0000            6
        5513      58.1083      45.8534      60.5497       1.0000            6
        5576      46.1331      12.8193      20.2832       1.0000            6
        5579       7.3928      24.3322       9.2317       1.0000            6
        5592      10.9489      19.9285      49.0605       1.0000            6
        5824      43.3335      63.3859      34.2437       1.0000            6
        5853      51.0234      22.4391      30.9196       1.0000            6
        5985      31.0455      17.7634      25.0354       1.0000            6
        6042      63.3687      11.4250      50.0046       1.0000            6
        6070       3.7225      29.9352      22.8786       1.0000            6
        6080      12.3619      59.6210       4.7581       1.0000            6
        6091      32.2799      12.6208      33.6279       1.0000            6
        6128      20.8562      48.9284      57.8880       1.0000            6
        6170      60.1849      50.3621      21.5148       1.0000            6
        6248      31.4066      21.2349      18.3889       1.0000            6
        6326      52.1204      35.1873      56.5190       1.0000            6
        6327      46.9061      53.0908       5.7263       1.0000            6
        6351      31.5197      43.4775      54.6668       1.0000            6
        6359       5.2599      12.1825      12.0662       1.0000            6
        6392      38.6435       9.9336      14.2182       1.0000            6
        6397      31.1310      28.2633       5.5033       1.0000            6
        6454      62.4946      38.1052      22.5854       1.0000            6
        6476      36.4506      25.7641      61.3139       1.0000            6
        6515      57.6702      25.5418      43.8203       1.0000            6
        6556      27.2277      15.0041      35.6823       1.0000            6
        6590      60.3193      53.1595      21.3994       1.0000            6
        6603      33.4458      61.4604      53.2839       1.0000            6
        6686      10.8239      58.2612      40.8582       2.0000            6
        6706      11.0661      50.3387      57.5486       2.0000            6
        6719      54.0362      22.3248      28.0992       2.0000            6
        6743      35.6816      57.2846      16.2498       2.0000            6
        6747      20.0740      30.5284      50.4486       2.0000            6
        6749      22.1854      35.7849      60.6649       2.0000            6
        6752       7.3713      61.9460       5.9993       2.0000            6
        6757      43.3864      20.9733      33.6263       2.0000            6
        6762      54.0878      22.0727      25.2196       2.0000            6
        6800      35.2956      12.7918       4.5984       2.0000            6
        6842      62.2147      38.0740      20.6472       2.0000            6
        6853      11.0325      19.9173      46.8268       2.0000            6
        6874      42.1391      37.0348      38.5017       2.0000            6
        6877       6.0566      39.2735      38.4311       2.0000            6
        6892      38.4098      51.5715      21.7269       2.0000            6
        6893      32.2404      17.0270       9.5603       2.0000            6
        6899      34.4416      50.2579      61.0433       2.0000            6
        6915      47.3070      11.4108      21.1348       2.0000            6
        6918      38.7494      62.8886      23.8200       2.0000            6
        6945      32.5773      15.4986      11.3685       2.0000            6
        6948      44.9907      11.5948      20.8318       2.0000            6
        6952      52.1542      29.9110      16.2075       2.0000            6
        7015      13.9741      55.5654      47.2955       2.0000            6
        7024       8.6168      62.0085      56.4511       2.0000            6
        7057       8.6036      31.8872      44.3833       2.0000            6
        7062      10.6149      42.4111       9.6227       2.0000            6
        7081      42.3043      33.4602      20.8114       2.0000            6
        7083      15.2197      37.5838      13.6721       2.0000            6
        7148      33.8152      46.5248      14.8991       2.0000            6
        7166      26.4197      31.9249      49.8540       2.0000            6
        7205      16.5533      56.4210      15.0008       2.0000            6
        7222      37.6503      56.1714      17.5986       2.0000            6
        7226      45.8658      38.9540      40.4979       2.0000            6
        7246      30.5416      42.6231      53.5450       2.0000            6
        7263       9.7814      49.9122      30.5274       2.0000            6
        7280      34.2182      61.3357      54.6879       2.0000            6
        7332      21.7737      17.8356      59.3859       2.0000            6
        7391      23.8163      34.1795      61.4286       2.0000            6
        7392      48.5302      58.7838      47.0208       2.0000            6
        7407      29.2252      29.8758      52.0000       2.0000            6
        7428       9.5410      17.4019      50.5575       2.0000            6
        7434      20.4737      43.6559      31.9220       2.0000            6
        7448      47.4667      44.9298      42.4671       2.0000            6
        7457      53.0134      22.6866      22.4149       2.0000            6
        7459      13.7998      52.3933      30.4093       2.0000            6
        7467      41.9296      42.5670      10.8437       2.0000            6
        7474      33.9190      59.3051      53.0216       2.0000            6
        7478      15.2703      18.6869      38.3952       2.0000            6
        7479      54.9396      23.1362      23.0577       2.0000            6
        7481       3.8351      38.3155      38.3003       2.0000            6
        7504      13.7447      40.1709      46.3203       2.0000            6
        7543      36.9648      10.8048      13.5814       2.0000            6
        7545      10.9839      56.6883      38.7696       2.0000            6
        7546      40.8290      35.2641      38.1407       2.0000            6
        7610      35.3068      48.8783      63.4415       2.0000            6
        7625      16.4553      58.5530      51.2785       2.0000            6
        7644      44.3162      41.8015       9.9706       2.0000            6
        7649       8.4185      25.3894      10.2564       2.0000            6
        7689      44.0519      10.1594      46.9743       2.0000            6
        7700       5.6682      51.5998      48.7106       2.0000            6
        7702      43.1718      27.2703      46.4204       2.0000            6
        7706      45.4402      54.6218      27.2245       2.0000            6
        7708      14.2436      39.6084      14.8677       2.0000            6
        7716      10.5499      22.0293      48.9644       2.0000            6
        7727       6.7402      37.2971      26.2778       2.0000            6
        7732      17.2031       4.1486      48.6772       2.0000            6
        7743       6.5088      13.1678      13.0439       2.0000            6
        7745      22.2190      23.7152      50.8927       2.0000            6
        7748      14.4070      39.9832      43.8406       2.0000            6
        7752      18.1369      63.0150      50.5809       2.0000            6
        7753      37.7184      30.0245      45.6218       2.0000            6
        7755      39.4102      17.6546      60.8062       2.0000            6
        7758      26.3556      13.9678      49.5816       2.0000            6
        7763      45.0324      20.9598      31.4156       2.0000            6
        7766      12.6988      40.9037      44.3518       2.0000            6
        7881       9.8460      52.2433      58.0340       2.0000            6
        7910      15.0030      37.0892      38.4315       2.0000            6
        7928      49.5992      51.1102      16.3596       2.0000            6
        7943      39.7711       9.0962      61.0145       2.0000            6
        7969      41.6511      27.8347      48.1733       2.0000            6
        8014      15.1523      56.2793      11.6463       2.0000            6
        8037      57.0964      17.9809      55.9255       2.0000            6
        8040      28.1005      13.7296      36.4173       2.0000            6
        8047      43.1393      41.2861       7.6531       2.0000            6
        8067      21.4005      31.7496      48.8578       2.0000            6
        8092      30.5880      39.9939      41.8805       2.0000            6
        8111      19.3026      24.5274      60.8360       2.0000            6
        8121      12.3004      38.1251      43.3339       2.0000            6
        8136      31.4407      42.0327      55.9790       2.0000            6
        8150      50.5852      33.8540      56.8025       2.0000            6
        8152      11.8164      41.5246      18.4236       2.0000            6
        8156      11.1907      26.4109      54.1624       2.0000            6
        8157      53.4978      45.7975      49.2448       2.0000            6
        8163      45.7399      31.9689      19.0722       2.0000            6
        8165      38.2767      26.2530      60.6843       2.0000            6
        8172      39.9777      29.6718      45.0418       2.0000            6
        8192      39.3507      55.5548      30.8438       2.0000            6
        8218      12.8427      58.6038      39.8484       2.0000            6
        8226      37.6234      10.4648      15.5003       2.0000            6
        8227      27.7790      50.5884      20.4537       2.0000            6
        8231      42.7072      61.5057      35.2015       2.0000            6
        8261       8.6408      24.0929       7.8930       2.0000            6
        8270      35.9569      44.6832       7.5062       2.0000            6
        8278      40.5200      34.1425      19.0724       2.0000            6
        8282      41.8824      55.9194      18.6101       2.0000            6
        8283      54.1415      49.1259      31.9454       2.0000            6
        8287      61.5825      17.4805      38.2080       2.0000            6
        8296      14.1403      42.9287      14.7437       2.0000            6
        8312      27.1763      45.7412      47.8440       2.0000            6
        8322      63.0494      21.4349      38.1278       2.0000            6
        8334      62.4945      10.5389      51.4368       2.0000            6
        8338      10.5685      51.2239      27.6975       2.0000            6
        8349      51.2773      13.7363      26.2735       2.0000            6
        8369      12.2523      60.9391      52.5586       2.0000            6
        8389      42.9165      55.3493      26.2216       2.0000            6
        8397      46.0451      33.1381      27.2846       2.0000            6
        8399       3.8868      61.1417      14.7303       2.0000            6
        8448      37.3257       9.9151      25.1455       2.0000            6
        8461      22.3561      35.1376      63.3134       2.0000            6
        8475      50.4791      42.7050      32.8633       2.0000            6
        8477      23.9354      14.8581      14.2902       2.0000            6
        8480      34.6394      46.2548       5.8472       2.0000            6
        8482      41.2717      38.2271      42.9694       2.0000            6
        8520      10.5079      30.4426      43.4616       2.0000            6
        8525      11.5648      40.3296      10.0991       2.0000            6
        8566      46.9069      31.9287      36.0147       2.0000            6
        8569      41.5170      35.5473      20.7114       2.0000            6
        8574       5.3381      61.9650      16.5578       2.0000            6
        8576      61.0232      21.1902      36.1811       2.0000            6
        8597      10.8575      37.8177      56.4046       2.0000            6
        8624      42.3166      32.3308      18.1305       2.0000            6
        8630      39.9412      56.0676      14.0605       2.0000            6
        8650      55.5290      20.0325      16.0584       2.0000            6
        8660      62.3731      16.5622      42.4468       2.0000            6
        8671      15.1217       6.9354      21.2588       2.0000            6
        8672      26.8510      42.5636      30.6377       2.0000            6
        8683      43.6768      33.5073      39.5147       2.0000            6
        8689      48.0148      27.2915      20.1658       2.0000            6
        8705       6.5494      59.8549       4.4950       2.0000            6
        8740      31.2401      44.3496      44.4813       2.0000            6
        8756       8.7014      27.6562      54.2641       2.0000            6
        8761      61.7025      36.4822      56.9748       2.0000            6
        8772      20.7599      63.1849      49.4772       2.0000            6
        8810       6.4962      48.3012      50.1080       2.0000            6
        8817      41.1524      16.2589      61.7400       2.0000            6
        8824       8.3798      38.8660      51.6720       2.0000            6
        8834      13.8498      53.1703      48.0035       2.0000            6
        8836      21.2778      47.3877      56.2515       2.0000            6
        8840      26.3683      40.5435      29.1756       2.0000            6
        8854       6.6143      40.5597      52.4383       2.0000            6
        8867       5.4213      56.1085      26.1443       2.0000            6
        8898      29.1741      27.5566      28.0745       2.0000            6
        8906       6.5075      48.1296      63.0602       2.0000            6
        8910      54.8644      13.2579       9.4761       2.0000            6
        8929      13.1078      49.5362      11.5204       2.0000            6
        8947      15.8443      39.0684      12.0160       2.0000            6
        8954      16.2509      57.9418      13.3159       2.0000            6
        8968      57.6011      34.0878      57.5145       2.0000            6
        8981      35.1958       7.7828      25.0822       2.0000            6
        8983       9.7525      39.9425       6.1015       2.0000            6
        8997      21.1395       4.1308      52.1019       2.0000            6
        9003      31.0750      28.9351      51.5711       2.0000            6
        9008      24.6470      13.2978      51.6892       2.0000            6
        9017      41.9105      55.4543      30.0799       2.0000            6
        9021      11.9807      43.9369       4.5062       2.0000            6
        9035      47.4646      29.4452      18.5619       2.0000            6
        9050      32.6166      47.3175      16.6144       2.0000            6
        9062      45.3887       8.5663      46.4839       2.0000            6
        9067      14.3098       5.4891      23.1766       2.0000            6
        9068      60.7911      43.7923      62.5667       2.0000            6
        9069      56.2570      46.2874      60.4565       2.0000            6
        9087      43.0389      22.5034      31.0712       2.0000            6
        9107      56.8589      25.7405      42.4101       2.0000            6
        9112      37.5546      14.5674      62.4662       2.0000            6
        9118       6.8506      50.1727       4.6101       2.0000            6
        9146      32.2110      14.4223       8.9886       2.0000            6
        9195       8.8950      37.0142       6.6322       2.0000            6
        9229       6.4726      63.2473      56.2542       2.0000            6
        9277      37.9623      63.4891      26.1403       2.0000            6
        9284      55.9564      29.3850      42.4959       2.0000            6
        9293       6.9243      62.2624       3.5393       2.0000            6
        9299      52.0969      43.8334      27.7265       2.0000            6
        9336       4.3491      20.1895      36.1240       2.0000            6
        9345      46.3939       9.9367      47.9401       2.0000            6
        9346      17.8967      47.7038      54.4575       2.0000            6
        9372      48.9978      60.4189      45.0302       2.0000            6
        9374      40.9822      52.3562      53.2825       2.0000            6
        9385       9.1685      24.5466      15.0602       2.0000            6
        9398      27.1750      47.2827      45.8954       2.0000            6
        9421      40.3583      51.3587      22.7742       2.0000            6
        9435      25.2603      13.3129      15.7611       2.0000            6
        9480      59.5948      44.9954      60.8880       2.0000            6
        9489      10.1431      15.5838      51.8988       2.0000            6
        9503      39.7689      10.1135      15.3674       2.0000            6
        9509      56.6089      12.6193      49.4592       2.0000            6
        9529      54.8279      14.6962      39.5126       2.0000            6
        9549      48.9930       4.0743      45.1856       2.0000            6
        9584       8.0203      49.3527      26.2911       2.0000            6
        9649       3.9518      11.7888      48.4589       2.0000            6
        9659      56.5453       7.8122      59.0096       2.0000            6
        9681      53.2153      29.2935      18.0101       2.0000            6
        9682      56.6182      47.9599      50.2229       2.0000            6
        9703      36.6779      47.1549       4.3107       2.0000            6
        9706      29.4838      27.6624      50.1564       2.0000            6
        9707      11.0003      50.7534      12.2131       2.0000            6
        9717      38.8665      26.6174      58.2353       2.0000            6
        9727      37.5491      55.4016      15.0273       2.0000            6
        9730      39.5632      25.2230      37.3006       2.0000            6
        9731      37.7763      54.1354      21.6680       2.0000            6
        9771      42.4385      40.3149       9.9544       2.0000            6
        9775      48.3061      15.9345      26.8012       2.0000            6
        9784      44.5941      40.1325      42.7525       2.0000            6
        9809      57.9780      10.6981      47.8801       2.0000            6
        9859      24.9545      46.4516      45.3352       2.0000            6
        9885       5.6295      39.2045      24.6228       2.0000            6
        9897      56.0419      17.0683      41.0189       2.0000            6
        9924      50.0431      14.7089      24.6707       2.0000            6
        9932      43.8637      55.8448      20.2645       2.0000            6
        9948      56.5735      14.5395      10.2577       2.0000            6
        9959      16.5045       3.5511      52.0758       2.0000            6
        9975      12.8353      37.3671      37.8736       2.0000            6
        9994       5.6666      30.3628      22.4402       2.0000            6
        9997       8.5542      52.2210      55.8256       2.0000            6
        9999      27.1225      49.2532      23.6397       2.0000            6
       10003      15.9210      34.9875      37.3106       2.0000            6
       10014      11.7885      28.6721      55.2341       2.0000            6
       10017      13.0554      41.1464      15.7235       2.0000            6
       10018      41.2848       3.6508      62.5946       2.0000            6
       10035      25.3431      14.4023      40.2027       2.0000            6
       10036      62.3978      28.9643      22.3231       2.0000            6
       10045       8.1971      40.4233      17.7606       2.0000            6
       10051      40.9765      60.5068      62.9877       2.0000            6
       10053      39.3260      17.7104      55.2479       2.0000            6
       10068       9.7215      29.9673      54.3225       2.0000            6
       10076       7.7812      50.6443      49.3039       2.0000            6
       10088      12.7740      25.0790      46.4126       2.0000            6
       10115      52.4934      57.0314      43.1256       2.0000            6
       10122      14.9828      60.6260      52.3366       2.0000            6
       10142       9.9459      43.0208      17.7347       2.0000            6
       10181      58.7055      20.5495      58.3451       2.0000            6
       10207      49.8058      43.7067      29.2558       2.0000            6
       10223       8.2864      41.2048      12.0642       2.0000            6
       10231      33.1406      42.7610      53.7136       2.0000            6
       10239      24.8561      14.7755      17.5017       2.0000            6
       10284       8.8958      30.1594      45.7180       2.0000            6
       10301       9.1992      45.0244      11.5607       2.0000            6
       10342      36.0931      26.4116      59.8204       2.0000            6
       10354      11.7019      30.6543      45.6328       2.0000            6
       10363      26.3116      16.4024      34.8073       2.0000            6
       10367      28.8172      43.8345      44.4466       2.0000            6
       10371      20.2328       7.1356      54.2326       2.0000            6
       10393      53.2010      36.2939      55.6960       2.0000            6
       10404      17.1546      21.7760      10.5633       2.0000            6
       10443      46.0742      12.0033      18.2648       2.0000            6
       10453      27.2358      31.5536      51.9965       2.0000            6
       10457      30.1773      22.3116      17.2241       2.0000            6
       10462       5.8159      38.2667      51.7768       2.0000            6
       10497      45.5382      32.9666      37.8513       2.0000            6
       10524       3.4285      19.0422      37.8944       2.0000            6
       10527      26.5779      51.5686      22.3445       2.0000            6
       10535      52.6016      22.7487      30.4269       2.0000            6
       10536      44.3776      32.1843      36.0742       2.0000            6
       10544      21.4557      14.6058      58.1694       2.0000            6
       10545      18.0448      59.0136      52.9142       2.0000            6
       10550      49.4316      29.5028      20.3834       2.0000            6
       10569      63.4995      30.8020      21.1676       2.0000            6
       10584      59.2363      51.9063      21.4748       2.0000            6
       10602      13.5314      60.6857       6.3221       2.0000            6
       10612      50.8480      60.1754      46.4912       2.0000            6
       10635      52.4912      31.8980      18.2456       2.0000            6
       10639      12.2095      22.3753      45.7130       2.0000            6
       10655       5.9340       4.3888      15.8336       2.0000            6
       10671      60.6890      53.0872      23.1965       2.0000            6
       10675      11.9081      55.6611      48.8990       2.0000            6
       10710      23.1877      14.9322      43.2414       2.0000            6
       10726      32.4049      16.6805      24.9035       2.0000            6
       10730      20.3339      14.8867      46.0412       2.0000            6
       10747      44.0303      26.1865      48.7312       2.0000            6
       10754      38.3224      16.5609       4.7659       2.0000            6
       10758      42.5748      35.0829      17.8198       2.0000            6
       10777      10.8046      60.3082      50.6546       2.0000            6
       10778      25.2719      29.6818      51.2578       2.0000            6
       10791      49.0590      53.3147       5.3548       2.0000            6
       10797      16.4833      23.6018       8.7713       2.0000            6
       10809       6.7462      23.6906      14.8941       2.0000            6
       10819      30.7622      13.2089      35.0478       2.0000            6
       10824      58.1387      45.9841      62.3774       2.0000            6
       10830      56.6641      52.9579      11.6496       2.0000            6
       10848      43.1029      29.7611      47.7693       2.0000            6
       10857      29.6920      59.8741      53.6857       2.0000            6
       10927      51.7232      29.9435      19.4102       2.0000            6
       10931      21.4211      23.0641      48.9392       2.0000            6
       10946      13.9919      37.8483      45.1282       2.0000            6
       10989      27.5946      16.1003      36.9843       2.0000            6
       11002      57.1063      17.5833      39.2154       2.0000            6
       11011      52.4963      24.4181      27.8172       2.0000            6
       11014      54.1041      16.9758      39.7317       2.0000            6
       11017      14.2640      54.6854      49.5828       2.0000            6
       11063      59.8225      16.2308      45.1754       2.0000            6
       11071      56.0746      19.3986      58.4407       2.0000            6
       11096       9.5276      15.6172      56.6247       2.0000            6
       11100      42.1007       4.2785      34.2349       2.0000            6
       11135      38.4479      10.6192      62.2498       2.0000            6
       11141      16.9797      61.2655      21.9826       2.0000            6
       11170      11.0283      58.7542      52.4119       2.0000            6
       11225      25.3454      41.0694      32.2356       2.0000            6
       11243      52.3294      33.7854      55.5309       2.0000            6
       11249      51.3551      62.9346      45.9228       2.0000            6
       11297      38.5844       8.3120      63.2671       2.0000            6
       11305      58.0198      44.9279      58.9661       2.0000            6
       11319       6.0656      56.9717      28.6076       2.0000            6
       11321      40.8209      55.6271      27.5906       2.0000            6
       11325      51.1865      58.9649      44.5700       2.0000            6
       11326      13.8625       7.9685      22.7287       2.0000            6
       11327      30.8009      42.0489      43.2585       2.0000            6
       11358      42.6653      55.0367      36.3780       2.0000            6
       11365      39.3102      61.5127      26.4379       2.0000            6
       11379      11.7235      49.7011       9.7662       2.0000            6
       11390      31.1853      28.9879       4.1248       2.0000            6
       11396      30.0171      16.0717      24.6182       2.0000            6
       11418      21.0257       8.9182      57.0423       2.0000            6
       11420      58.8793       6.1822      59.9894       2.0000            6
       11425      51.2344      53.0921      16.6649       2.0000            6
       11443      32.1604      18.9013      25.6375       2.0000            6
       11447      58.1056      55.0120      11.1041       2.0000            6
       11448      29.9776      25.3557      29.2130       2.0000            6
       11468      13.0554      43.2702      62.7544       2.0000            6
       11509      50.3751      21.4278      29.8096       2.0000            6
       11522      11.1506      35.6431      58.9385       2.0000            6
       11527      58.9546      35.8805      56.9470       2.0000            6
       11556      59.1271      49.9884      22.5523       2.0000            6
       11582      21.3170      13.5998      43.5059       2.0000            6
       11592      36.2769       5.8266      51.5652       2.0000            6
       11594      37.9280      17.0543      62.8139       2.0000            6
       11598      18.2011      43.4194      33.3460       2.0000            6
       11605      40.5550      53.8528      22.9596       2.0000            6
       11619      19.5977      22.4873      59.5122       2.0000            6
       11622      19.1809      24.5850      58.3274       2.0000            6
       11637      36.8665      61.4559      51.0796       2.0000            6
       11643       4.1739      49.6348      49.2905       2.0000            6
       11653      61.0293      34.0650      56.3809       2.0000            6
       11657      10.0343      61.5329      53.0089       2.0000            6
       11673      30.2408      20.7937       8.0448       2.0000            6
       11677      25.8055      14.4959      36.2964       2.0000            6
       11725       6.0828      49.4647      48.1163       2.0000            6
       11763      39.1004      24.1215      59.2622       2.0000            6
       11780      51.8898      42.7837      30.5489       2.0000            6
       11794      32.8597      20.6785      19.9147       2.0000            6
       11802       4.9944      10.4694      50.3307       2.0000            6
       11810      18.5320      45.4196      54.6267       2.0000            6
       11848      26.4710      11.1212      49.9207       2.0000            6
       11858      58.3228      17.8751      58.0334       2.0000            6
       11876      39.8464       9.7580      12.5656       2.0000            6
       11882      62.2087      17.4770      44.9024       2.0000            6
       11884      15.7428      58.4299      53.6260       2.0000            6
       11890      19.3235      22.2669      10.6419       2.0000            6
       11892      54.7858      57.9454      41.8613       2.0000            6
       11919      32.9116      21.6157      17.9148       2.0000            6
       11928      14.6470      40.6799      61.3251       2.0000            6
       11931      30.1402      62.0422      53.4033       2.0000            6
       11947      41.3962      57.8299      27.3760       2.0000            6
       11948      52.4581      23.9402      24.2769       2.0000            6
       11956      25.6313      49.2046      21.5168       2.0000            6
       11960      19.9527      50.1424      56.6677       2.0000            6
       11988      32.0346      50.2648      61.4035       2.0000            6
       11989      39.2715      62.4892      62.6961       2.0000            6
       11999      40.1832      54.5041      33.8353       2.0000            6
       12016       7.0843      38.4782      49.7224       2.0000            6
       12031      35.1617      48.9653      15.0481       2.0000            6
       12036      45.3309      39.8255      13.2238       2.0000            6
       12041      35.3285      11.3849      25.7803       2.0000            6
       12050      63.1719      62.5671      16.4630       2.0000            6
       12064      51.5544      21.4055      25.2559       2.0000            6
       12073      59.1780      44.3844       3.7356       2.0000            6
       12078      31.4078      56.4999      57.1860       2.0000            6
       12080      41.3729      18.3555      56.9539       2.0000            6
       12123      60.3967      46.6406       3.8143       2.0000            6
       12126      28.0218      24.5558      28.4237       2.0000            6
       12138      34.5755       5.0096      49.4044       2.0000            6
       12159      51.7599      44.7832      29.9014       2.0000            6
       12164      15.8866      62.8334      49.9817       2.0000            6
       12184      10.3982      52.4382      31.8869       2.0000            6
       12191      10.6034      51.7791      10.2585       2.0000            6
       12211      18.1443      55.9984      13.4866       2.0000            6
       12212      18.0220      37.2998      11.2462       2.0000            6
       12217      29.4207      27.3983       6.3260       2.0000            6
       12222      50.8599      15.5667      27.5225       2.0000            6
       12258      39.7534      57.3338      29.3021       2.0000            6
       12288      18.5571       5.0524      50.5850       2.0000            6
       12302      45.3318      62.4574      34.2340       2.0000            6
       12317       8.6474      38.2869       4.5546       2.0000            6
       12319      54.0028      49.9870      34.6764       2.0000            6
       12325      10.8911      35.0574      56.8223       2.0000            6
       12372      17.3097      60.7520      51.5734       2.0000            6
       12382      61.1720      46.2407      61.9443       2.0000            6
       12419      63.3513      56.2247      26.5671       2.0000            6
       12467       8.2420      47.3877       4.3597       2.0000            6
       12468      10.9651      15.4957      58.9613       2.0000            6
       12469      53.6652      20.2402      23.8919       2.0000            6
       12480      56.1314      52.6165       9.4113       2.0000            6
       12482       8.9823      48.2269      62.6530       2.0000            6
       12491       4.5850      36.1274      37.0449       2.0000            6
       12513      36.4135      15.3714       4.2157       2.0000            6
       12516      33.9343       6.6643      50.8936       2.0000            6
       12560      13.6787      35.4910      38.8755       2.0000            6
       12577       5.8604      36.6470      38.7584       2.0000            6
       12636      42.1539      15.9840      57.5327       2.0000            6
       12640      10.8961      60.2634      39.8992       2.0000            6
       12653      62.2614      39.5320      23.8633       2.0000            6
       12691      38.7113       8.5088      13.6289       2.0000            6
       12702      63.4970      38.4966      58.4469       2.0000            6
       12707      11.0533      32.8858      44.4552       2.0000            6
       12711      31.8028      18.2486      23.1780       2.0000            6
       12741      40.0098      29.5960      47.5540       2.0000            6
       12742      13.1726      52.1600      11.5810       2.0000            6
       12752      43.5969      38.3665      42.8845       2.0000            6
       12766      53.4997      42.4657      28.9702       2.0000            6
       12794      37.7414       9.1793      59.4246       2.0000            6
       12803      18.9275      24.2338       9.1375       2.0000            6
       12807      33.0296      14.0396      34.1040       2.0000            6
       12819      58.9768      47.1674      60.0152       2.0000            6
       12822      32.1168      38.1954      30.3852       2.0000            6
       12839      15.6292       7.5633      24.6402       2.0000            6
       12840      45.0941      28.0179      47.9150       2.0000            6
       12842      29.5770      20.9305       5.7910       2.0000            6
       12859      59.0595      54.4814      22.4347       2.0000            6
       12870      16.8022      44.4377      31.7145       2.0000            6
       12891      26.5774      12.2633      51.8849       2.0000            6
       12892      42.5611      25.1476      34.6274       2.0000            6
       12906      51.1007      41.5198      28.5743       2.0000            6
       12913      29.5554      25.5202      26.8073       2.0000            6
       12932      18.3336      46.4751      56.8215       2.0000            6
       12934      50.9949       5.7683      44.1569       2.0000            6
       12959      55.8801      56.8406      43.0989       2.0000            6
       12981      36.7127       8.6459      61.6121       2.0000            6
       12994       9.0586      49.8359       4.2211       2.0000            6
       13001      32.4315      20.5113       7.0285       2.0000            6
       13015      40.7938      42.6667       8.7288       2.0000            6
       13048      10.6870      48.9000      26.3117       2.0000            6
       13051      46.2812      40.7094      15.3935       2.0000            6
       13081      51.0633      51.4016      18.6283       2.0000            6
       13091      50.0485      29.0203      18.0578       2.0000            6
       13092      52.3058      48.9587      34.5104       2.0000            6
       13095      40.6537      24.5482      35.2253       2.0000            6
       13127      25.1495      47.1346      47.5236       2.0000            6
       13138      30.2626      14.6229      10.8148       2.0000            6
       13160      11.0422      37.7948       7.6824       2.0000            6
       13172      39.9636      55.7710      36.2725       2.0000            6
       13173      39.5014      11.5134      13.6469       2.0000            6
       13184      16.7664       8.8397      22.6705       2.0000            6
       13190      33.0052       5.5795      53.0130       2.0000            6
       13195      42.4536      39.0846      41.2343       2.0000            6
       13197      31.6775      37.1886      42.9654       2.0000            6
       13236      63.3153      17.4953      40.2236       2.0000            6
       13237      42.9187      62.3713      63.1093       2.0000            6
       13240      42.3165      23.8962      36.9283       2.0000            6
       13253      41.6678      26.0281      38.0367       2.0000            6
       13256      40.2340      53.5525      36.1623       2.0000            6
       13262      51.0103      57.4279      46.8465       2.0000            6
       13327      17.0837      36.0962      13.5258       2.0000            6
       13343      13.2856      58.6089       5.9017       2.0000            6
       13346      31.4342      19.6990      18.3162       2.0000            6
       13353      34.4685      61.4691      51.8472       2.0000            6
       13365      12.1595      15.3845      56.3710       2.0000            6
       13366       7.4093      21.5478      14.3697       2.0000            6
       13380      45.6314      32.1817      21.3936       2.0000            6
       13383       7.5416      50.3370      62.5849       2.0000            6
       13401       7.5236      39.7933      24.1040       2.0000            6
       13410      12.5005      20.4792      48.5275       2.0000            6
       13418      13.7528      21.8954      47.1978       2.0000            6
       13420      58.4293      19.9373      55.7620       2.0000            6
       13464      59.4654      25.6776      43.2747       2.0000            6
       13469      11.4559      53.3964      48.6681       2.0000            6
       13508      26.7935      14.1155      34.1688       2.0000            6
       13524      32.2980      39.5800      32.7275       2.0000            6
       13527       9.7660      13.7494      49.8604       2.0000            6
       13529      31.9332      36.9663      32.7323       2.0000            6
       13531      11.1408      59.5218       6.2800       2.0000            6
       13549      42.1102      58.3103      18.1392       2.0000            6
       13572       7.2774      40.6495      49.9216       2.0000            6
       13641      27.9171      16.1358      42.2452       2.0000            6
       13653       9.5799      49.7264      55.8380       2.0000            6
       13654      36.2100       8.9381      27.3593       2.0000            6
       13656      58.6876      34.1823      55.4286       2.0000            6
       13667      17.6813      29.5502      49.3183       2.0000            6
       13708      57.5698      28.4696      42.0727       2.0000            6
       13736      61.3704      51.9456      20.7603       2.0000            6
       13742      39.7028      14.7778      63.4100       2.0000            6
       13745      26.7683      45.0950      45.0880       2.0000            6
       13755      30.6264      29.3783      49.2369       2.0000            6
       13756      38.9196      57.3044      15.7825       2.0000            6
       13760      18.9729      45.8595      32.5841       2.0000            6
       13795      36.4980      47.2027       7.0551       2.0000            6
       13809      11.1248      52.3519      29.8789       2.0000            6
       13812       5.1245      60.8111       6.4773       2.0000            6
       13835      20.2753      23.6474      52.4118       2.0000            6
       13889       8.9642      38.6804       8.0461       2.0000            6
       13917      37.0278      53.6414      19.0443       2.0000            6
       13926      49.2690      23.1124      31.5238       2.0000            6
       13938       3.5210      31.2853      23.7922       2.0000            6
       13967      37.6404      51.9523      52.0253       2.0000            6
       13986      25.8571      29.7537      48.8626       2.0000            6
       13997      56.9015      18.3727      19.1461       2.0000            6
       14001       7.5777      62.1923      54.2498       2.0000            6
       14021      20.0160      21.4196      50.6168       2.0000            6
       14030      18.9959      45.0330      30.4614       2.0000            6
       14033      38.9710      52.9193      24.2988       2.0000            6
       14055      28.2790      48.5103      21.8144       2.0000            6
       14056      47.7948      32.0758      18.4813       2.0000            6
       14074      51.5502      51.0011      33.9773       2.0000            6
       14089      18.3935      29.7171      47.2017       2.0000            6
       14091      43.0335      28.3544      49.8536       2.0000            6
       14147      44.4313       4.2137      33.1677       2.0000            6
       14149      25.9847      15.0323      14.2652       2.0000            6
       14151      31.6463      13.0806      32.1916       2.0000            6
       14154      42.0995      56.0240      34.2377       2.0000            6
       14179      14.9834      23.8095      46.7604       2.0000            6
       14189      28.1205      22.1667      28.7016       2.0000            6
       14208      56.5362      16.1718       8.5004       2.0000            6
       14214       8.9125      16.0359      48.4743       2.0000            6
       14217      11.1145      44.1663      11.3157       2.0000            6
       14235      16.0618       5.7064      50.3071       2.0000            6
       14260      13.0870      41.0991      13.5002       2.0000            6
       14268      10.7251      42.4507      63.2537       2.0000            6
       14277       4.7853      38.7449      36.2619       2.0000            6
       14313      28.1363      26.5496      29.9748       2.0000            6
       14318      29.2017      29.2767       5.5608       2.0000            6
       14334       8.3117      23.3180      12.9703       2.0000            6
       14343      45.2734      10.4077      44.4291       2.0000            6
       14347      12.7469      59.0415      54.0354       2.0000            6
       14366      41.8063      57.5486      20.3806       2.0000            6
       14399      30.0558      37.8729      41.5462       2.0000            6
       14422      28.6562      39.2322      43.1726       2.0000            6
       14426      56.1724      18.0173      17.1191       2.0000            6
       14444       8.9502      52.2961      29.2064       2.0000            6
       14465      54.1467      15.4454       7.9635       2.0000            6
       14476      20.4652      47.3501      58.4379       2.0000            6
       14480      16.3449      62.6605      20.3170       2.0000            6
       14491       3.6569      28.9341      24.1646       2.0000            6
       14494      41.2673      14.9189      59.3922       2.0000            6
       14508      15.4829      19.7355      35.5473       2.0000            6
       14512      53.4625      24.7166      29.9792       2.0000            6
       14515      39.5548      37.5999      38.9380       2.0000            6
       14516      36.0349      44.5486       4.8417       2.0000            6
       14539      41.8358      56.8547      24.9123       2.0000            6
       14546      10.9519      37.8255       5.1820       2.0000            6
       14566      55.9736      10.1490      49.3868       2.0000            6
       14658      60.7896      38.0337      22.2922       2.0000            6
       14659      12.8158      36.6298      57.8984       2.0000            6
       14675      38.8416      60.6475      24.5934       2.0000            6
       14698       5.3153      50.3286      51.2351       2.0000            6
       14706       5.5998      10.7392      12.4197       2.0000            6
       14713      39.6745      58.7530      13.1293       2.0000            6
       14719      10.7251      17.5163      55.6177       2.0000            6
       14721      15.9058      40.2545      59.4048       2.0000            6
       14765      36.2781      27.6120      62.3531       2.0000            6
       14791       8.2672      22.7186      16.5477       2.0000            6
       14792      49.2451      43.6485      43.7146       2.0000            6
       14797      31.2826      22.3725       6.4894       2.0000            6
       14807      32.0293      61.4938      52.4001       2.0000            6
       14843      54.6806      27.4344      43.3645       2.0000            6
       14871      11.8276      38.5442      45.8166       2.0000            6
       14873      24.2238      36.9394      60.4661       2.0000            6
       14883      54.6195      11.9546      47.9156       2.0000            6
       14887      53.4426      51.4666      32.1042       2.0000            6
       14888      55.3079      24.4652      29.2212       2.0000            6
       14957      54.1615      26.0363      27.9829       2.0000            6
       14959      16.0617       4.1724      21.4100       2.0000            6
       14968      61.0756      17.8189      40.6311       2.0000            6
       14988      61.7906      12.1330      49.5298       2.0000            6
       14993      40.3160      52.1931      50.9923       2.0000            6
       14997      42.7471      20.3854      30.5169       2.0000            6
       15000      30.7877      39.2110      44.2352       2.0000            6
       15034      16.4950      41.6203      62.8722       2.0000            6
       15049      30.7781      18.6037       6.7042       2.0000            6
       15054       8.0245      15.6136      50.6585       2.0000            6
       15055      37.3143      25.5920      62.6960       2.0000            6
       15084      33.6278       9.7864      25.5774       2.0000            6
       15095      15.7140      41.0010      16.0118       2.0000            6
       15123      30.4206      40.2822      31.2197       2.0000            6
       15124      39.4490      35.0235      40.0919       2.0000            6
       15144      13.3652      52.5859      32.7621       2.0000            6
       15167       4.0865       3.6869      14.3455       2.0000            6
       15180      12.1939      41.4488       5.3782       2.0000            6
       15181       8.9088      42.8238      11.0308       2.0000            6
       15185      41.5880      16.8254      55.0215       2.0000            6
       15190      27.5001      15.7982      39.6407       2.0000            6
       15205      61.3800      19.9029      37.7359       2.0000            6
       15223      43.8849      58.3280      20.1693       2.0000            6
       15251      35.0254      62.5827      50.0111       2.0000            6
       15258      29.8921      60.8811      51.2120       2.0000            6
       15269      27.1827      19.9294      29.0724       2.0000            6
       15304       6.9730      37.2724      36.5675       2.0000            6
       15306      16.3195      54.4416      13.1039       2.0000            6
       15339      11.5627      44.5439       9.1954       2.0000            6
       15340      44.8065      13.7001      19.9013       2.0000            6
       15368      56.4107      20.4066      56.5260       2.0000            6
       15376       9.2901      44.5433       8.9875       2.0000            6
       15380      41.4846      20.7546      32.5777       2.0000            6
       15429      23.0756      16.7794      57.5306       2.0000            6
       15432      32.2465      44.2792      55.7900       2.0000            6
       15468      39.3817      50.4414      53.2255       2.0000            6
       15488      30.5746      43.2536      46.1707       2.0000            6
       15515      27.9120      40.5440      31.3425       2.0000            6
       15518      19.8430       6.9025      56.6293       2.0000            6
       15522      55.7649      16.6350      37.8033       2.0000            6
       15535      33.8796      48.7774      17.5754       2.0000            6
       15559      32.8273      11.3040      34.9589       2.0000            6
       15571      46.0168      27.9375      19.3897       2.0000            6
       15572      59.9377      34.5421      58.4968       2.0000            6
       15576      11.3507      58.7325      37.6046       2.0000            6
       15590      28.8049      15.4103      34.7439       2.0000            6
       15613      56.0798      14.1578       7.4499       2.0000            6
       15625      13.5304      59.6808       3.8037       2.0000            6
       15632      35.0147      14.3302      62.4039       2.0000            6
       15660      57.1346      12.7177      46.9324       2.0000            6
       15664      20.4834      49.8674      59.1103       2.0000            6
       15665      44.8933      42.7451      12.4148       2.0000            6
       15682      16.5073      42.3540      60.8601       2.0000            6
       15683      22.4231      15.6832      59.8178       2.0000            6
       15700      44.0766      30.9110      25.4986       2.0000            6
       15724      29.8171      43.9686      55.9495       2.0000            6
       15746      50.2940      31.4281      17.1456       2.0000            6
       15768      58.9891       9.0882      58.9441       2.0000            6
       15776      48.7711      42.3432      41.6077       2.0000            6
       15802      11.3371      54.2770      46.4435       2.0000            6
       15831      44.7937      31.1153      38.4324       2.0000            6
       15852      57.3940      15.3562      39.7749       2.0000            6
       15857       9.2491      36.8182      57.7909       2.0000            6
       15870      20.9783      15.8180      44.1531       2.0000            6
       15871      32.6146      48.6913      63.2753       2.0000            6
       15872      13.4523      34.9117      36.4098       2.0000            6
       15889      47.2316      42.1855      14.2119       2.0000            6
       15910      36.1509      62.5392      53.1667       2.0000            6
       15929      43.8271       3.6002      35.7283       2.0000            6
       15939      32.5686      42.7408      44.5206       2.0000            6
       15943      58.4054      25.5825      45.5501       2.0000            6
       16003      18.9138      23.1979      50.0734       2.0000            6
       16024      14.4393      41.8217       4.1704       2.0000            6
       16037      56.1179      45.8901      49.4463       2.0000            6
       16047       3.9138       4.3606      16.8305       2.0000            6
       16057      11.8116      61.0003      54.9024       2.0000            6
       16078      46.1701      42.0690      42.4906       2.0000            6
       16097       6.7522      28.0893      56.3729       2.0000            6
       16098      44.1905      41.4250      14.0018       2.0000            6
       16109      31.6002      29.6070       6.4649       2.0000            6
       16113      18.1233      40.7887      61.3891       2.0000            6
       16117      46.9989      28.9341      21.8111       2.0000            6
       16120      26.9800      26.2710      26.7950       2.0000            6
       16130      42.4428      32.1319      37.9399       2.0000            6
       16146      54.0379      55.5290      43.9785       2.0000            6
       16172      39.3751      57.5374      25.8878       2.0000            6
       16174      52.9565      51.1138      17.5292       2.0000            6
       16175      15.3146      21.1335      37.0886       2.0000            6
       16186      32.3082      60.3557      54.0310       2.0000            6
       16195      55.6339      47.5860      47.6843       2.0000            6
       16223      55.6898      55.0285      10.5966       2.0000            6
       16258      39.0315      52.8833      54.6836       2.0000            6
       16263      11.8663      58.1896      49.8679       2.0000            6
       16273      13.5556      19.5077      36.4859       2.0000            6
       16294      23.2972      36.9965      62.7033       2.0000            6
       16315      37.6719      51.5744      19.4709       2.0000            6
       16325      43.6528      32.5655      27.6168       2.0000            6
       16333      61.3492      39.4282      57.5016       2.0000            6
       16336       4.6646      14.1701      11.4380       2.0000            6
       16375      47.3595      31.7177      38.3928       2.0000            6
       16377       6.2525      12.4801      10.8053       2.0000            6
       16389      51.7269      23.6758      32.1815       2.0000            6
       16397       4.2099      38.8839      22.6578       2.0000            6
       16400      20.9426      24.5780      57.2629       2.0000            6
       16407       7.5108      60.1469      56.3970       2.0000            6
       16408      54.3276      15.3415      10.2528       2.0000            6
       16421      31.2872      20.0624       4.8091       2.0000            6
       16430      50.7011       3.8325      43.5880       2.0000            6
       16437       8.3358      29.9207      57.6386       2.0000            6
       16439      42.6166      36.3195      43.1819       2.0000            6
       16458      61.8226      54.2290      21.2570       2.0000            6
       16466      37.3136      24.7673      57.7230       2.0000            6
       16471      24.3374      39.8594      30.5157       2.0000            6
       16503      46.9196      41.2470      11.9395       2.0000            6
       16531      41.5017      17.8402      59.3928       2.0000            6
       16548      31.1526      59.2833      51.6139       2.0000            6
       16550       5.8263      60.7886      54.8526       2.0000            6
       16565      47.3530       9.3261      45.3436       2.0000            6
       16568      43.8107      33.7373      19.4401       2.0000            6
       16587      59.2842      32.4935      56.8008       2.0000            6
       16590      41.3716      61.6957      61.2828       2.0000            6
       16608      47.0093      30.7065      20.5413       2.0000            6
       16646      36.7634      24.1274      60.2946       2.0000            6
       16672      52.7619      34.3706      57.9399       2.0000            6
       16693      61.5458      36.8148      59.2565       2.0000            6
       16765      40.7911      36.9951      41.0635       2.0000            6
       16769      18.3744       3.8771      20.4646       2.0000            6
       16796      39.3319      16.7704      58.2165       2.0000            6
       16800      42.5175      53.3036      35.0824       2.0000            6
       16802      15.3625      62.8770      22.8671       2.0000            6
       16807      57.9536      19.6146      17.0420       2.0000            6
       16825      39.5733      53.8622      28.6902       2.0000            6
       16835       3.8126      12.7651      51.0355       2.0000            6
       16843      26.0866      16.2256      16.1201       2.0000            6
       16864      12.7940      51.4827       9.3437       2.0000            6
       16903      40.0495      15.2502      56.1446       2.0000            6
       16922      16.7366       6.2153      22.7378       2.0000            6
       16933      19.8949      62.0713      51.6356       2.0000            6
       16942       5.1244      39.4337      50.2358       2.0000            6
       16944      62.0670      39.8755      21.5173       2.0000            6
       16964      17.2329      23.9737      11.1202       2.0000            6
       16966      62.2298      19.3468      35.3073       2.0000            6
       16967       9.5344      58.3842      39.0903       2.0000            6
       16998      42.3921      35.4685      40.3050       2.0000            6
       17005      10.7686      41.5534      12.0493       2.0000            6
       17069      22.9274      14.9438      45.5906       2.0000            6
       17074      43.9513      56.1267      28.6403       2.0000            6
       17083      12.1524      50.6826      31.3426       2.0000            6
       17094      45.6746      30.7912      27.8913       2.0000            6
       17100      21.8446      23.7771      59.7205       2.0000            6
       17107      60.1470      16.8009      42.9850       2.0000            6
       17109      37.3232      58.8315      16.8907       2.0000            6
       17144      45.5260      33.0389      25.0489       2.0000            6
       17146      28.9835      54.9555      56.4013       2.0000            6
       17153      15.7869      36.5155      11.4045       2.0000            6
       17162      50.1141      16.8942      25.7098       2.0000            6
       17165      59.8508      54.4162      20.2739       2.0000            6
       17170      62.5272      19.6348      39.9389       2.0000            6
       17176      27.2266      19.2254      26.7772       2.0000            6
       17209      22.0847      49.7244      57.2243       2.0000            6
       17248      10.3060      59.1697      54.4845       2.0000            6
       17277      48.2160      41.5820      44.4380       2.0000            6
       17285      39.3315      54.0034      52.3688       2.0000            6
       17304       5.5098      24.8541       9.7275       2.0000            6
       17317      62.5882      38.7841      55.9799       2.0000            6
       17318       3.5855      56.4333      28.9220       2.0000            6
       17336      11.9826      61.3436       4.3922       2.0000            6
       17360      34.0753      51.1633      62.9413       2.0000            6
       17388      39.9330      31.7168      45.9304       2.0000            6
       17389      33.7903      48.2314      61.1526       2.0000            6
       17402      31.2752      27.1202       4.5762       2.0000            6
       17421      15.5261      41.0437      13.4671       2.0000            6
       17449      59.9754      49.9614      20.0021       2.0000            6
       17453      12.5644      23.8167      48.5903       2.0000            6
       17460      50.7120      24.0364      30.2834       2.0000            6
       17476      31.7951      44.5937      53.4105       2.0000            6
       17492       9.9246      21.8499      15.1079       2.0000            6
       17496      57.6425      23.8505      43.3867       2.0000            6
       17526      57.2162       9.3660      60.9705       2.0000            6
       17605      36.7237      12.3856      62.8399       2.0000            6
       17610      37.2807      61.2723      26.7238       2.0000            6
       17618      38.0267      13.8900       4.4514       2.0000            6
       17634      30.5487      16.1227       8.0799       2.0000            6
       17635      38.1680      55.7248      28.8233       2.0000            6
       17644      58.4511       7.1168      57.7312       2.0000            6
       17656      29.9458      37.4905      31.6322       2.0000            6
       17667      37.1697       3.4438      50.5709       2.0000            6
       17680      25.8577      44.3390      46.9983       2.0000            6
       17688      51.7063      49.6088      31.8439       2.0000            6
       17718      45.9469      30.0358      37.0742       2.0000            6
       17769      30.8192      21.8015      19.7241       2.0000            6
       17796      20.6527      29.9766      47.7033       2.0000            6
       17797      34.5121       3.8975      51.7698       2.0000            6
       17798      17.1911      38.9985      13.8106       2.0000            6
       17805      29.9339      56.6981      55.3335       2.0000            6
       17828      57.0473      44.5130      61.3231       2.0000            6
       17860      18.7124      31.8285      48.4697       2.0000            6
       17865      60.6035      48.4345      21.4454       2.0000            6
       17868      38.8291      32.0539      48.0934       2.0000            6
       17879      47.3053      13.7281      19.7044       2.0000            6
       17905      19.8430      16.0029      59.0383       2.0000            6
       17908      11.2687      58.6529       3.9763       2.0000            6
       17931       8.6747      37.9366      24.4503       2.0000            6
       17937      29.6271      36.9338      43.2979       2.0000            6
       17953      58.4666      52.8106       9.3666       2.0000            6
       17956      44.0648      57.0676      18.1943       2.0000            6
       17962      43.6910      37.2700      40.7898       2.0000            6
       17969      10.3859      39.3335      18.1225       2.0000            6
       17996       4.6382      61.4467       4.4973       2.0000            6
       18004      10.0592      56.8891      51.2132       2.0000            6
       18008       8.7597      50.1294      57.9038       2.0000            6
       18021      54.4119      20.1477      18.2627       2.0000            6
       18025      54.7266      24.0108      26.8539       2.0000            6
       18039      61.7524      50.6541      22.9439       2.0000            6
       18043      20.4337      26.2199      59.3239       2.0000            6
       18046      35.2435       5.0453      53.5096       2.0000            6
       18048      33.0461      49.4961      14.9579       2.0000            6
       18069      12.6894      40.8680      62.9584       2.0000            6
       18094      50.3123       5.3776      46.4052       2.0000            6
       18133      10.5229      18.5559      48.5635       2.0000            6
       18137      52.6311       4.7702      45.9080       2.0000            6
       18154       6.5882      37.0669      23.9743       2.0000            6
       18163      10.1543      58.2692      48.7033       2.0000            6
       18168      10.4632      32.1809      46.6261       2.0000            6
       18175      24.4438      12.3733      49.3565       2.0000            6
       18181      13.9157      23.6491      44.5402       2.0000            6
       18192      53.5881      48.3090      49.3810       2.0000            6
       18198      53.8020      58.9622      44.2332       2.0000            6
       18245      11.2636      15.8101      49.7277       2.0000            6
       18248      30.4230      11.2949      33.7086       2.0000            6
       18257      11.6898      49.7362      29.2951       2.0000            6
       18282      11.2093      38.2853      58.7752       2.0000            6
       18284      32.8127      63.1856      53.3694       2.0000            6
       18297      43.2968      43.4310       8.4444       2.0000            6
       18300      55.7895      10.3817      47.1047       2.0000            6
       18304      35.5118      10.2049      23.7131       2.0000            6
       18308      56.4854      21.2123      18.2886       2.0000            6
       18316      35.3910      47.1264      17.2256       2.0000            6
       18330      20.5677      25.0791      49.8662       2.0000            6
       18344      29.7673      20.0726      17.3897       2.0000            6
       18353      41.0004      26.9363      36.0964       2.0000            6
       18357      54.3770      46.6259      51.2792       2.0000            6
       18359      47.8501      52.6632       6.9485       2.0000            6
       18360       9.4340      28.5855      55.9796       2.0000            6
       18362      55.0921      57.2565      45.4402       2.0000            6
       18403      30.3107      17.7419      26.5434       2.0000            6
       18421      24.6532      42.2451      30.2714       2.0000            6
       18433      43.8816      40.5756      40.2643       2.0000            6
       18441       3.5620      11.8141      11.6755       2.0000            6
       18474      18.6307      42.2828      31.0634       2.0000            6
       18478      29.7214      18.1703      24.1593       2.0000            6
       18479      25.9137      17.0492      41.0872       2.0000            6
       18486      17.5842      56.3958      11.2065       2.0000            6
       18496      46.6176      13.7135      21.7615       2.0000            6
       18513       9.5982      41.3098      19.7027       2.0000            6
       18521       8.4288      51.4986      26.4725       2.0000            6
       18525      34.8275      25.4700      61.6313       2.0000            6
       18546       8.9474      40.4226       9.7269       2.0000            6
       18578      14.9494      37.1629      36.2957       2.0000            6
       18592      17.0367      19.8080      37.2446       2.0000            6
       18596      38.5994       6.8710      61.6180       2.0000            6
       18598      46.5836      11.5380      45.8846       2.0000            6
       18626       8.9331      58.8925      51.0604       2.0000            6
       18649      30.3416      16.8625      10.9058       2.0000            6
       18662      47.0901      54.7171       6.3334       2.0000            6
       18666      27.5421      28.9248      51.0890       2.0000            6
       18690       5.7869      63.1767       4.9077       2.0000            6
       18702      28.4838      30.5515      49.3533       2.0000            6
       18743      20.9109       9.5750      54.5513       2.0000            6
       18755      11.7605      19.4210      50.4258       2.0000            6
       18811      32.2433      27.5327       6.6103       2.0000            6
       18826      49.4558      44.4269      31.4757       2.0000            6
       18854      48.8920      13.9263      26.7903       2.0000            6
       18862      48.3788      32.8954      20.9899       2.0000            6
       18867      22.6810      47.9132      58.2900       2.0000            6
       18879      27.2703      13.9736      41.4898       2.0000            6
       18919      56.1917      25.4426      44.7979       2.0000            6
       18924      24.2251      10.8834      51.4271       2.0000            6
       18935      38.3423      56.2179      12.6781       2.0000            6
       18939      63.2541      36.7312      23.2570       2.0000            6
       18956      37.7831      29.6782      47.9700       2.0000            6
       18962      46.3083      56.4571      27.0269       2.0000            6
       18964      10.1084      17.7187      58.0465       2.0000            6
       18976      51.6509      51.2372      15.1643       2.0000            6
       18987      30.3534      38.9120      33.2016       2.0000            6
       18992      16.6495      60.5259      54.0748       2.0000            6
       18993       7.1619      29.8181      54.3346       2.0000            6
       19033      44.2337      19.1229      32.6418       2.0000            6
       19047      50.9690      21.1965      32.0020       2.0000            6
       19064      35.9190      52.7580      21.2143       2.0000            6
       19085      39.7167      53.1700      20.8502       2.0000            6
       19108      51.6592      36.5534      57.2056       2.0000            6
       19110      30.1761      54.3788      54.7400       2.0000            6
       19119      43.1357      34.3791      36.8578       2.0000            6
       19130      23.3904      16.0137      16.5327       2.0000            6
       19133       9.5332      20.2734      49.6464       2.0000            6
       19136      18.7539       4.0489      52.8150       2.0000            6
       19174      46.5145      34.3082      20.1014       2.0000            6
       19185      44.1406      58.1049      26.5812       2.0000            6
       19204      20.9520      17.5555      56.8445       2.0000            6
       19217      62.0135      14.8159      44.5391       2.0000            6
       19240      11.1490      28.2709      52.6235       2.0000            6
       19256      37.5059      58.1039      14.6337       2.0000            6
       19265      29.4734      19.9243      28.0081       2.0000            6
       19287      45.6236      52.5316       6.0382       2.0000            6
       19318       5.2292      55.0588      27.7253       2.0000            6
       19324      44.7102      56.4707      25.2032       2.0000            6
       19325      46.7706      43.1877      44.4820       2.0000            6
       19350      39.6821      55.4410      25.7622       2.0000            6
       19357      10.8444      51.5187      55.4831       2.0000            6
       19370      29.3556      21.7843      26.5690       2.0000            6
       19378      21.7015       7.1469      55.6521       2.0000            6
       19386      57.2930       7.0760      61.2805       2.0000            6
       19391      46.9746      53.7207       4.2392       2.0000            6
       19398      31.4583      53.9966      56.4657       2.0000            6
       19433      15.6198      17.5642      36.2775       2.0000            6
       19444      59.8701      37.9284      58.0433       2.0000            6
       19452      51.7049      44.4101      32.3348       2.0000            6
       19453      18.8261       8.8659      55.9685       2.0000            6
       19458      47.0105      51.1815       5.0607       2.0000            6
       19471       5.7634      61.3617      57.0425       2.0000            6
       19476      18.3389      21.6404       8.6084       2.0000            6
       19500      51.3681      49.4761      16.8670       2.0000            6
       19507       6.5760      22.8449       8.7979       2.0000            6
       19518      33.7844      12.0817      32.6653       2.0000            6
       19526      32.4973      55.9567      55.0526       2.0000            6
       19528      26.1842      21.7562      27.6021       2.0000            6
       19538      37.8492      45.6172       6.4976       2.0000            6
       19557      63.1142       9.7821      49.3156       2.0000            6
       19573       4.5757      28.4750      21.9163       2.0000            6
       19578       4.3444      58.1649      27.1213       2.0000            6
       19579      28.5248      50.8037      22.3553       2.0000            6
       19594       4.4090      12.3471      13.8370       2.0000            6
       19603       8.1303      23.1379      10.4658       2.0000            6
       19608      16.0358      47.4167      56.3611       2.0000            6
       19629      36.7879      61.7283      24.4317       2.0000            6
       19631      50.5496      36.0559      55.3753       2.0000            6
       19670      18.2471       3.7677      23.0436       2.0000            6
       19679      38.4025      15.6276      60.0951       2.0000            6
       19701       8.4445      39.4537      26.3358       2.0000            6
       19708      55.5638      27.3900      40.9774       2.0000            6
       19722      22.0508      12.7709      45.8707       2.0000            6
       19723      58.0279      55.0083       8.3210       2.0000            6
       19725      10.1929      41.2184      16.4401       2.0000            6
       19732      24.8841      35.1113      63.1548       2.0000            6
       19775      47.0324      30.8647      26.1351       2.0000            6
       19866       8.9749      49.9085      28.4112       2.0000            6
       19869      16.4365      45.5032      54.4544       2.0000            6
       19873      41.4969      62.4442       4.6133       2.0000            6
       19874      49.2328      57.8492      45.2915       2.0000            6
       19886      30.3523      41.2071      45.4157       2.0000            6
       19889      16.6209      39.1137      61.7143       2.0000            6
       19890      10.3707      50.7231      24.8576       2.0000            6
       19918      60.0033      14.7163      43.2136       2.0000            6
       19922      12.1888      54.2230      30.9275       2.0000            6
       19929      25.5862      15.1139      42.7451       2.0000            6
       19940      12.7049      17.1395      58.5640       2.0000            6
       19953      16.5650      44.5512      56.4013       2.0000            6
       19958       6.7867      25.1220       7.9318       2.0000            6
       19976      42.8847      62.3104      33.0142       2.0000            6
       19990      57.5504      27.1477      43.6634       2.0000            6
