
 SPT   Si   O
            1            0           18
            2            0         5305
            3            3         7588
            4          824          418
            5         3327            3
            6         2447            0
            7           63            0
            8            2            0
            9            0            0
           10            0            0
           11            0            0
           12            0            0
           13            0            0
           14            0            0
           15            0            0
           16            0            0
           17            0            0
           18            0            0
           19            0            0