 0.02  0.00  0.00  0.00  
 0.04  0.00  0.00  0.00  
 0.06  0.00  0.00  0.00  
 0.08  0.00  0.00  0.00  
 0.10  0.00  0.00  0.00  
 0.12  0.00  0.00  0.00  
 0.14  0.00  0.00  0.00  
 0.16  0.00  0.00  0.00  
 0.18  0.00  0.00  0.00  
 0.20  0.00  0.00  0.00  
 0.22  0.00  0.00  0.00  
 0.24  0.00  0.00  0.00  
 0.26  0.00  0.00  0.00  
 0.28  0.00  0.00  0.00  
 0.30  0.00  0.00  0.00  
 0.32  0.00  0.00  0.00  
 0.34  0.00  0.00  0.00  
 0.36  0.00  0.00  0.00  
 0.38  0.00  0.00  0.00  
 0.40  0.00  0.00  0.00  
 0.42  0.00  0.00  0.00  
 0.44  0.00  0.00  0.00  
 0.46  0.00  0.00  0.00  
 0.48  0.00  0.00  0.00  
 0.50  0.00  0.00  0.00  
 0.52  0.00  0.00  0.00  
 0.54  0.00  0.00  0.00  
 0.56  0.00  0.00  0.00  
 0.58  0.00  0.00  0.00  
 0.60  0.00  0.00  0.00  
 0.62  0.00  0.00  0.00  
 0.64  0.00  0.00  0.00  
 0.66  0.00  0.00  0.00  
 0.68  0.00  0.00  0.00  
 0.70  0.00  0.00  0.00  
 0.72  0.00  0.00  0.00  
 0.74  0.00  0.00  0.00  
 0.76  0.00  0.00  0.00  
 0.78  0.00  0.00  0.00  
 0.80  0.00  0.00  0.00  
 0.82  0.00  0.00  0.00  
 0.84  0.00  0.00  0.00  
 0.86  0.00  0.00  0.00  
 0.88  0.00  0.00  0.00  
 0.90  0.00  0.00  0.00  
 0.92  0.00  0.00  0.00  
 0.94  0.00  0.00  0.00  
 0.96  0.00  0.00  0.00  
 0.98  0.00  0.00  0.00  
 1.00  0.00  0.00  0.00  
 1.02  0.00  0.00  0.00  
 1.04  0.00  0.00  0.00  
 1.06  0.00  0.00  0.00  
 1.08  0.00  0.00  0.00  
 1.10  0.00  0.00  0.00  
 1.12  0.00  0.00  0.00  
 1.14  0.00  0.00  0.00  
 1.16  0.00  0.00  0.00  
 1.18  0.00  0.00  0.00  
 1.20  0.00  0.00  0.00  
 1.22  0.00  0.00  0.00  
 1.24  0.00  0.00  0.00  
 1.26  0.00  0.00  0.00  
 1.28  0.00  0.00  0.00  
 1.30  0.00  0.00  0.00  
 1.32  0.00  0.00  0.00  
 1.34  0.00  0.02  0.00  
 1.36  0.00  0.01  0.00  
 1.38  0.00  0.04  0.00  
 1.40  0.00  0.11  0.00  
 1.42  0.00  0.19  0.00  
 1.44  0.00  0.42  0.00  
 1.46  0.00  0.66  0.00  
 1.48  0.00  1.07  0.00  
 1.50  0.00  1.60  0.00  
 1.52  0.00  2.21  0.00  
 1.54  0.00  2.83  0.00  
 1.56  0.00  3.43  0.00  
 1.58  0.00  4.02  0.00  
 1.60  0.00  4.51  0.00  
 1.62  0.00  4.93  0.00  
 1.64  0.00  5.19  0.00  
 1.66  0.00  4.98  0.00  
 1.68  0.00  5.03  0.00  
 1.70  0.00  4.89  0.00  
 1.72  0.00  4.29  0.00  
 1.74  0.00  3.98  0.00  
 1.76  0.00  3.60  0.00  
 1.78  0.00  3.21  0.00  
 1.80  0.00  2.93  0.00  
 1.82  0.00  2.68  0.00  
 1.84  0.00  2.33  0.00  
 1.86  0.00  2.09  0.02  
 1.88  0.00  1.81  0.02  
 1.90  0.00  1.61  0.04  
 1.92  0.00  1.37  0.05  
 1.94  0.00  1.24  0.05  
 1.96  0.00  1.16  0.09  
 1.98  0.00  0.94  0.10  
 2.00  0.00  0.85  0.15  
 2.02  0.00  0.87  0.21  
 2.04  0.00  0.66  0.26  
 2.06  0.00  0.59  0.34  
 2.08  0.01  0.58  0.43  
 2.10  0.00  0.52  0.53  
 2.12  0.00  0.52  0.66  
 2.14  0.00  0.46  0.78  
 2.16  0.00  0.41  0.85  
 2.18  0.00  0.39  1.02  
 2.20  0.01  0.35  1.16  
 2.22  0.02  0.37  1.39  
 2.24  0.01  0.31  1.40  
 2.26  0.04  0.33  1.44  
 2.28  0.03  0.30  1.66  
 2.30  0.04  0.29  1.84  
 2.32  0.05  0.30  2.02  
 2.34  0.10  0.27  1.98  
 2.36  0.09  0.24  2.14  
 2.38  0.18  0.26  2.25  
 2.40  0.22  0.24  2.26  
 2.42  0.25  0.23  2.30  
 2.44  0.28  0.26  2.31  
 2.46  0.25  0.27  2.33  
 2.48  0.42  0.24  2.36  
 2.50  0.53  0.20  2.38  
 2.52  0.61  0.26  2.31  
 2.54  0.55  0.26  2.17  
 2.56  0.73  0.27  2.23  
 2.58  0.71  0.28  2.21  
 2.60  0.94  0.29  2.16  
 2.62  0.93  0.30  2.06  
 2.64  1.08  0.30  2.03  
 2.66  1.13  0.32  1.94  
 2.68  1.19  0.31  1.84  
 2.70  1.17  0.36  1.76  
 2.72  1.35  0.35  1.71  
 2.74  1.39  0.36  1.61  
 2.76  1.49  0.38  1.56  
 2.78  1.66  0.34  1.42  
 2.80  1.65  0.42  1.44  
 2.82  1.67  0.43  1.37  
 2.84  1.66  0.48  1.26  
 2.86  1.69  0.46  1.24  
 2.88  1.80  0.50  1.16  
 2.90  1.95  0.53  1.14  
 2.92  1.78  0.55  1.08  
 2.94  2.02  0.61  1.09  
 2.96  1.99  0.61  0.98  
 2.98  2.04  0.61  0.92  
 3.00  2.27  0.64  0.91  
 3.02  2.14  0.70  0.88  
 3.04  2.11  0.71  0.82  
 3.06  2.25  0.71  0.86  
 3.08  2.30  0.72  0.79  
 3.10  2.33  0.80  0.78  
 3.12  2.20  0.80  0.80  
 3.14  2.10  0.90  0.76  
 3.16  2.20  0.89  0.75  
 3.18  2.22  0.89  0.75  
 3.20  2.00  0.93  0.73  
 3.22  1.97  0.94  0.75  
 3.24  1.94  1.03  0.73  
 3.26  1.72  1.07  0.73  
 3.28  1.62  1.06  0.71  
 3.30  1.53  1.05  0.70  
 3.32  1.56  1.11  0.69  
 3.34  1.46  1.13  0.68  
 3.36  1.27  1.15  0.70  
 3.38  1.29  1.21  0.70  
 3.40  1.26  1.15  0.68  
 3.42  1.22  1.20  0.69  
 3.44  1.10  1.21  0.70  
 3.46  1.10  1.25  0.66  
 3.48  0.98  1.28  0.63  
 3.50  0.93  1.28  0.64  
 3.52  0.92  1.33  0.63  
 3.54  0.85  1.30  0.67  
 3.56  0.77  1.38  0.65  
 3.58  0.73  1.37  0.63  
 3.60  0.72  1.36  0.68  
 3.62  0.66  1.44  0.58  
 3.64  0.74  1.37  0.62  
 3.66  0.70  1.44  0.59  
 3.68  0.72  1.42  0.63  
 3.70  0.66  1.44  0.64  
 3.72  0.65  1.44  0.62  
 3.74  0.65  1.47  0.64  
 3.76  0.62  1.48  0.63  
 3.78  0.63  1.47  0.61  
 3.80  0.68  1.46  0.65  
 3.82  0.73  1.50  0.62  
 3.84  0.65  1.45  0.65  
 3.86  0.70  1.49  0.67  
 3.88  0.65  1.45  0.68  
 3.90  0.69  1.48  0.69  
 3.92  0.72  1.44  0.71  
 3.94  0.65  1.42  0.73  
 3.96  0.76  1.39  0.72  
 3.98  0.73  1.35  0.77  
 4.00  0.67  1.34  0.75  
 4.02  0.72  1.36  0.77  
 4.04  0.74  1.34  0.79  
 4.06  0.72  1.29  0.78  
 4.08  0.75  1.26  0.84  
 4.10  0.75  1.27  0.88  
 4.12  0.76  1.25  0.87  
 4.14  0.76  1.22  0.89  
 4.16  0.80  1.12  0.91  
 4.18  0.91  1.13  0.91  
 4.20  0.77  1.11  0.96  
 4.22  0.75  1.05  0.96  
 4.24  0.86  1.05  0.99  
 4.26  0.80  1.00  1.06  
 4.28  0.81  1.01  1.05  
 4.30  0.85  0.97  1.05  
 4.32  0.87  0.97  1.13  
 4.34  0.88  0.92  1.12  
 4.36  0.95  0.94  1.18  
 4.38  0.90  0.90  1.18  
 4.40  0.87  0.90  1.18  
 4.42  0.92  0.88  1.21  
 4.44  0.97  0.83  1.21  
 4.46  0.95  0.82  1.24  
 4.48  1.00  0.80  1.25  
 4.50  0.95  0.80  1.26  
 4.52  1.00  0.80  1.26  
 4.54  0.94  0.78  1.31  
 4.56  0.92  0.83  1.30  
 4.58  1.00  0.76  1.30  
 4.60  0.93  0.80  1.31  
 4.62  0.95  0.78  1.32  
 4.64  0.95  0.75  1.31  
 4.66  0.97  0.74  1.31  
 4.68  0.94  0.76  1.36  
 4.70  0.98  0.76  1.31  
 4.72  1.06  0.75  1.31  
 4.74  1.03  0.77  1.32  
 4.76  0.99  0.76  1.30  
 4.78  1.03  0.78  1.30  
 4.80  1.11  0.77  1.29  
 4.82  0.97  0.76  1.26  
 4.84  1.06  0.75  1.27  
 4.86  1.00  0.76  1.28  
 4.88  1.03  0.78  1.24  
 4.90  1.04  0.76  1.22  
 4.92  1.06  0.75  1.25  
 4.94  1.06  0.76  1.20  
 4.96  1.08  0.77  1.15  
 4.98  1.08  0.78  1.18  
 5.00  1.02  0.80  1.16  
 5.02  1.07  0.77  1.14  
 5.04  1.07  0.82  1.10  
 5.06  1.13  0.78  1.10  
 5.08  1.09  0.80  1.11  
 5.10  1.09  0.80  1.07  
 5.12  1.07  0.83  1.09  
 5.14  1.04  0.84  1.03  
 5.16  1.15  0.80  1.06  
 5.18  1.03  0.83  1.03  
 5.20  1.10  0.83  0.99  
 5.22  1.08  0.88  0.99  
 5.24  1.12  0.87  0.97  
 5.26  1.02  0.88  0.97  
 5.28  1.07  0.86  1.00  
 5.30  1.11  0.90  0.93  
 5.32  1.15  0.92  0.93  
 5.34  1.04  0.94  0.93  
 5.36  1.11  0.93  0.90  
 5.38  1.05  0.95  0.89  
 5.40  1.09  0.97  0.87  
 5.42  1.09  0.96  0.88  
 5.44  1.01  0.98  0.88  
 5.46  1.06  0.99  0.89  
 5.48  1.04  0.99  0.86  
 5.50  1.07  1.04  0.85  
 5.52  0.99  1.03  0.85  
 5.54  1.03  1.04  0.85  
 5.56  1.03  1.04  0.84  
 5.58  1.03  1.08  0.85  
 5.60  1.06  1.07  0.85  
 5.62  1.01  1.06  0.82  
 5.64  0.95  1.09  0.83  
 5.66  0.99  1.10  0.82  
 5.68  0.97  1.09  0.80  
 5.70  0.91  1.12  0.82  
 5.72  0.96  1.11  0.83  
 5.74  0.99  1.12  0.83  
 5.76  0.92  1.15  0.80  
 5.78  0.93  1.14  0.82  
 5.80  0.93  1.14  0.84  
 5.82  0.92  1.14  0.81  
 5.84  0.97  1.14  0.80  
 5.86  0.88  1.17  0.82  
 5.88  0.94  1.15  0.82  
 5.90  0.91  1.16  0.84  
 5.92  0.93  1.12  0.84  
 5.94  0.91  1.14  0.86  
 5.96  0.90  1.17  0.82  
 5.98  0.87  1.14  0.86  
 6.00  0.85  1.14  0.82  
 6.02  0.91  1.17  0.85  
 6.04  0.86  1.15  0.86  
 6.06  0.95  1.13  0.87  
 6.08  0.93  1.15  0.87  
 6.10  0.93  1.15  0.89  
 6.12  0.90  1.12  0.88  
 6.14  0.91  1.13  0.90  
 6.16  0.93  1.12  0.90  
 6.18  0.95  1.13  0.89  
 6.20  0.87  1.11  0.92  
 6.22  0.91  1.12  0.93  
 6.24  0.96  1.13  0.94  
 6.26  0.91  1.10  0.96  
 6.28  0.90  1.07  0.93  
 6.30  0.95  1.09  0.97  
 6.32  0.94  1.07  0.99  
 6.34  0.97  1.06  1.01  
 6.36  0.97  1.05  1.00  
 6.38  0.95  1.07  1.02  
 6.40  0.98  1.06  1.01  
 6.42  0.92  1.04  1.01  
 6.44  0.97  1.04  1.02  
 6.46  1.00  1.00  1.01  
 6.48  0.97  1.00  1.04  
 6.50  0.97  0.99  1.08  
 6.52  0.97  0.98  1.08  
 6.54  0.92  0.99  1.08  
 6.56  1.00  0.96  1.05  
 6.58  1.00  0.97  1.10  
 6.60  1.03  0.96  1.09  
 6.62  0.99  0.96  1.10  
 6.64  1.03  0.94  1.11  
 6.66  1.05  0.95  1.11  
 6.68  1.03  0.91  1.11  
 6.70  0.99  0.94  1.12  
 6.72  0.97  0.93  1.11  
 6.74  1.03  0.91  1.13  
 6.76  1.06  0.93  1.13  
 6.78  1.04  0.94  1.12  
 6.80  1.07  0.91  1.13  
 6.82  1.08  0.90  1.13  
 6.84  1.01  0.91  1.14  
 6.86  1.10  0.90  1.14  
 6.88  1.04  0.89  1.12  
 6.90  1.09  0.87  1.13  
 6.92  1.04  0.90  1.13  
 6.94  1.09  0.88  1.12  
 6.96  1.10  0.89  1.12  
 6.98  1.07  0.90  1.11  
 7.00  1.12  0.89  1.12  
 7.02  1.09  0.90  1.12  
 7.04  1.07  0.93  1.10  
 7.06  1.05  0.88  1.11  
 7.08  1.06  0.90  1.09  
 7.10  1.11  0.91  1.08  
 7.12  1.11  0.90  1.08  
 7.14  1.01  0.91  1.08  
 7.16  1.12  0.89  1.07  
 7.18  1.09  0.91  1.08  
 7.20  1.10  0.89  1.05  
 7.22  1.05  0.91  1.06  
 7.24  1.10  0.91  1.05  
 7.26  1.08  0.92  1.04  
 7.28  1.08  0.94  1.01  
 7.30  1.07  0.92  1.03  
 7.32  1.06  0.94  1.02  
 7.34  1.06  0.94  1.00  
 7.36  1.07  0.93  1.01  
 7.38  0.99  0.94  1.02  
 7.40  1.04  0.96  0.97  
 7.42  1.00  0.95  0.99  
 7.44  1.01  0.95  0.99  
 7.46  0.98  0.95  0.97  
 7.48  1.02  0.99  0.96  
 7.50  1.04  0.97  0.96  
 7.52  1.04  0.98  0.97  
 7.54  1.02  0.98  0.96  
 7.56  0.98  0.97  0.95  
 7.58  1.01  0.98  0.95  
 7.60  1.03  1.00  0.95  
 7.62  1.00  1.00  0.93  
 7.64  0.99  1.01  0.94  
 7.66  0.98  1.01  0.94  
 7.68  0.98  1.01  0.93  
 7.70  0.98  1.04  0.93  
 7.72  0.98  1.04  0.93  
 7.74  0.94  1.03  0.92  
 7.76  0.99  1.06  0.94  
 7.78  0.92  1.02  0.93  
 7.80  0.96  1.02  0.91  
 7.82  0.95  1.06  0.91  
 7.84  0.96  1.05  0.91  
 7.86  0.98  1.06  0.92  
 7.88  0.94  1.05  0.92  
 7.90  0.96  1.06  0.91  
 7.92  0.94  1.04  0.91  
 7.94  0.95  1.05  0.93  
 7.96  0.95  1.06  0.94  
 7.98  0.94  1.06  0.91  
 8.00  0.94  1.06  0.90  
 8.02  0.94  1.08  0.90  
 8.04  0.96  1.06  0.90  
 8.06  0.92  1.07  0.93  
 8.08  0.95  1.06  0.92  
 8.10  0.92  1.06  0.93  
 8.12  0.90  1.06  0.92  
 8.14  0.90  1.05  0.94  
 8.16  0.92  1.08  0.93  
 8.18  0.92  1.04  0.93  
 8.20  0.96  1.07  0.93  
 8.22  0.94  1.05  0.95  
 8.24  0.90  1.05  0.93  
 8.26  0.91  1.05  0.95  
 8.28  0.93  1.04  0.95  
 8.30  0.92  1.07  0.95  
 8.32  0.96  1.05  0.94  
 8.34  0.94  1.04  0.96  
 8.36  0.93  1.03  0.95  
 8.38  0.94  1.05  0.99  
 8.40  0.93  1.04  0.95  
 8.42  0.93  1.03  0.95  
 8.44  0.97  1.03  0.98  
 8.46  0.94  1.04  0.99  
 8.48  0.93  1.02  0.99  
 8.50  0.96  1.01  0.98  
 8.52  0.95  1.02  1.01  
 8.54  0.93  1.01  1.00  
 8.56  1.01  1.01  1.01  
 8.58  0.99  1.01  1.01  
 8.60  0.99  1.01  1.01  
 8.62  0.96  1.00  1.01  
 8.64  0.96  0.99  1.02  
 8.66  0.96  0.99  1.02  
 8.68  1.01  0.98  1.03  
 8.70  0.98  0.98  1.06  
 8.72  1.01  0.97  1.04  
 8.74  1.00  0.98  1.04  
 8.76  1.01  0.97  1.05  
 8.78  1.03  0.98  1.04  
 8.80  1.00  0.97  1.05  
 8.82  0.97  0.97  1.04  
 8.84  1.00  0.97  1.05  
 8.86  1.02  0.97  1.05  
 8.88  1.00  0.96  1.04  
 8.90  1.00  0.95  1.07  
 8.92  1.01  0.96  1.06  
 8.94  1.02  0.95  1.06  
 8.96  1.02  0.97  1.05  
 8.98  1.03  0.97  1.06  
 9.00  1.01  0.95  1.07  
 9.02  1.05  0.95  1.06  
 9.04  1.05  0.97  1.06  
 9.06  1.01  0.93  1.05  
 9.08  1.01  0.95  1.07  
 9.10  1.05  0.93  1.04  
 9.12  1.04  0.95  1.05  
 9.14  1.01  0.95  1.04  
 9.16  1.06  0.94  1.05  
 9.18  1.05  0.94  1.04  
 9.20  1.04  0.94  1.06  
 9.22  1.05  0.94  1.05  
 9.24  1.03  0.96  1.04  
 9.26  1.06  0.95  1.02  
 9.28  1.08  0.96  1.05  
 9.30  1.05  0.96  1.05  
 9.32  1.03  0.95  1.03  
 9.34  1.03  0.95  1.02  
 9.36  1.03  0.96  1.03  
 9.38  1.04  0.96  1.03  
 9.40  1.04  0.95  1.02  
 9.42  1.02  0.97  1.02  
 9.44  1.07  0.96  1.01  
 9.46  1.05  0.98  1.02  
 9.48  1.07  0.96  1.01  
 9.50  1.08  0.96  1.00  
 9.52  1.03  0.99  0.99  
 9.54  1.04  0.97  0.98  
 9.56  1.02  0.98  0.99  
 9.58  1.01  0.98  1.00  
 9.60  1.00  0.96  1.00  
 9.62  1.01  0.98  1.00  
 9.64  1.03  0.99  0.99  
 9.66  1.01  0.99  1.00  
 9.68  1.02  1.00  0.99  
 9.70  1.05  0.98  0.98  
 9.72  1.02  1.00  0.97  
 9.74  1.00  1.01  0.97  
 9.76  0.99  1.00  0.98  
 9.78  0.99  1.01  0.98  
 9.80  1.04  1.01  0.96  
 9.82  0.99  1.00  0.96  
 9.84  0.99  1.03  0.96  
 9.86  1.01  1.01  0.96  
 9.88  1.01  1.01  0.95  
 9.90  1.03  1.01  0.96  
 9.92  0.98  1.02  0.97  
 9.94  0.99  1.01  0.96  
 9.96  1.00  1.04  0.95  
 9.98  0.99  1.03  0.96  
10.00  1.03  1.01  0.94  
10.02  0.98  1.01  0.97  
10.04  1.00  1.03  0.96  
10.06  0.95  1.02  0.96  
10.08  0.96  1.02  0.96  
10.10  0.97  1.02  0.95  
10.12  0.97  1.02  0.95  
10.14  0.97  1.04  0.95  
10.16  0.96  1.03  0.96  
10.18  0.96  1.03  0.94  
10.20  0.99  1.03  0.95  
10.22  0.96  1.03  0.97  
10.24  0.99  1.04  0.95  
10.26  0.98  1.05  0.97  
10.28  0.94  1.03  0.97  
10.30  0.98  1.03  0.96  
10.32  0.95  1.04  0.96  
10.34  1.01  1.03  0.97  
10.36  0.94  1.03  0.97  
10.38  0.97  1.03  0.96  
10.40  0.99  1.03  0.95  
10.42  0.95  1.03  0.97  
10.44  0.95  1.03  0.97  
10.46  0.93  1.02  0.97  
10.48  0.94  1.03  0.97  
10.50  0.96  1.03  0.99  
10.52  0.97  1.03  0.98  
10.54  0.99  1.02  0.97  
10.56  0.96  1.01  0.98  
10.58  0.99  1.01  0.98  
10.60  0.97  1.01  1.00  
10.62  0.98  1.01  0.99  
10.64  0.94  1.01  0.99  
10.66  0.96  1.00  0.99  
10.68  0.96  1.01  1.00  
10.70  0.97  1.02  1.00  
10.72  0.96  1.00  1.01  
10.74  0.99  0.99  1.01  
10.76  0.99  0.98  1.01  
10.78  0.97  1.00  1.01  
10.80  0.99  0.99  1.03  
10.82  0.99  0.99  1.01  
10.84  0.99  1.00  1.01  
10.86  0.96  0.98  1.01  
10.88  1.01  1.00  1.03  
10.90  1.00  0.99  1.02  
10.92  1.01  0.99  1.03  
10.94  0.98  0.98  1.02  
10.96  0.97  0.98  1.02  
10.98  1.02  0.98  1.02  
11.00  0.99  0.97  1.01  
11.02  1.01  0.98  1.02  
11.04  0.99  0.98  1.03  
11.06  0.99  0.99  1.01  
11.08  0.98  0.98  1.02  
11.10  0.99  0.98  1.03  
11.12  0.98  0.96  1.03  
11.14  0.99  0.97  1.02  
11.16  1.01  0.97  1.02  
11.18  1.01  0.97  1.03  
11.20  1.00  0.97  1.03  
11.22  1.02  0.97  1.03  
11.24  0.99  0.97  1.03  
11.26  0.98  0.97  1.03  
11.28  1.03  0.99  1.03  
11.30  1.03  0.97  1.03  
11.32  1.00  0.96  1.01  
11.34  1.03  0.97  1.02  
11.36  1.02  0.97  1.03  
11.38  1.02  0.97  1.02  
11.40  1.05  0.97  1.01  
11.42  1.02  0.98  1.03  
11.44  1.02  0.97  1.03  
11.46  1.05  0.96  1.01  
11.48  1.04  0.99  1.01  
11.50  1.01  0.98  1.02  
11.52  1.04  0.97  1.00  
11.54  1.02  0.98  1.00  
11.56  1.01  0.99  1.01  
11.58  1.06  0.99  1.00  
11.60  1.02  0.97  1.01  
11.62  1.01  0.98  1.00  
11.64  1.05  0.98  0.99  
11.66  0.99  0.97  1.00  
11.68  1.00  0.99  1.01  
11.70  1.01  0.98  1.00  
11.72  1.03  0.98  1.01  
11.74  1.03  0.98  1.00  
11.76  1.00  0.98  1.00  
11.78  1.00  0.99  0.99  
11.80  1.01  0.99  0.99  
11.82  1.01  0.99  0.99  
11.84  0.99  0.99  1.00  
11.86  1.00  1.00  0.99  
11.88  1.00  1.00  0.98  
11.90  1.02  1.00  0.98  
11.92  1.01  0.99  0.98  
11.94  1.00  1.00  1.00  
11.96  0.99  1.01  0.99  
11.98  1.02  1.00  0.98  
12.00  1.00  1.02  0.97  
12.02  1.01  1.01  0.98  
12.04  0.99  1.02  0.99  
12.06  0.98  1.00  0.96  
12.08  0.98  1.00  0.97  
12.10  1.01  1.00  0.98  
12.12  1.00  1.01  0.98  
12.14  0.99  1.01  0.97  
12.16  0.99  1.01  0.98  
12.18  0.99  1.01  0.99  
12.20  0.97  1.01  0.97  
12.22  0.96  1.00  0.97  
12.24  1.00  1.02  0.98  
12.26  1.00  1.00  0.99  
12.28  0.98  1.02  0.98  
12.30  0.99  1.02  0.99  
12.32  0.98  1.02  0.98  
12.34  1.00  1.01  0.98  
12.36  0.98  1.02  0.98  
12.38  0.96  1.02  0.99  
12.40  1.01  1.03  0.98  
12.42  0.98  1.02  0.97  
12.44  0.99  1.03  0.96  
12.46  0.98  1.02  1.00  
12.48  0.96  1.01  0.98  
12.50  0.98  1.02  0.96  
12.52  0.99  1.03  0.98  
12.54  1.00  1.01  0.97  
12.56  0.97  1.01  0.98  
12.58  0.98  1.02  0.98  
12.60  0.99  1.01  0.99  
12.62  0.97  1.02  0.99  
12.64  0.98  1.01  0.99  
12.66  0.98  1.02  0.99  
12.68  0.99  1.01  0.97  
12.70  0.99  1.00  0.98  
12.72  0.99  1.00  0.98  
12.74  0.97  1.00  0.99  
12.76  1.00  1.01  1.00  
12.78  0.99  1.01  0.99  
12.80  1.00  1.00  0.99  
12.82  0.98  1.01  1.00  
12.84  0.96  1.01  1.00  
12.86  1.01  1.01  1.00  
12.88  1.01  1.00  1.00  
12.90  0.98  1.00  1.00  
12.92  1.00  1.01  1.01  
12.94  1.01  1.00  1.01  
12.96  1.01  1.00  1.00  
12.98  0.98  0.99  1.01  
13.00  0.99  0.99  1.00  
13.02  1.00  0.99  1.00  
13.04  1.00  0.99  1.02  
13.06  1.01  0.99  1.01  
13.08  0.99  0.98  1.00  
13.10  1.00  0.99  1.00  
13.12  1.00  0.99  1.00  
13.14  0.98  0.98  1.01  
13.16  1.00  0.99  1.01  
13.18  1.02  0.99  1.01  
13.20  0.98  0.98  1.00  
13.22  1.00  0.98  1.01  
13.24  0.99  0.98  1.02  
13.26  1.03  0.99  1.00  
13.28  1.00  0.98  1.01  
13.30  0.99  0.99  1.01  
13.32  1.00  0.99  1.01  
13.34  1.00  0.98  1.01  
13.36  1.01  0.98  1.01  
13.38  1.03  0.98  1.02  
13.40  1.00  0.98  1.00  
13.42  1.01  0.98  1.02  
13.44  0.99  0.99  1.01  
13.46  1.01  0.98  1.03  
13.48  1.00  0.98  1.02  
13.50  1.00  0.98  1.01  
13.52  1.00  0.98  1.01  
13.54  1.00  0.99  1.01  
13.56  1.00  0.99  1.01  
13.58  1.02  0.99  1.00  
13.60  1.00  0.99  1.00  
13.62  1.01  0.99  1.00  
13.64  1.01  0.99  1.00  
13.66  1.00  0.99  1.01  
13.68  0.99  1.00  1.00  
13.70  1.00  0.98  1.02  
13.72  1.02  0.99  1.00  
13.74  1.04  0.99  1.01  
13.76  1.01  0.99  1.01  
13.78  1.00  0.98  1.00  
13.80  1.01  0.99  1.00  
13.82  1.02  0.99  1.00  
13.84  0.99  0.99  1.01  
13.86  1.00  0.98  0.99  
13.88  1.00  1.00  0.99  
13.90  1.00  0.98  1.00  
13.92  1.00  0.99  0.98  
13.94  0.98  1.00  0.99  
13.96  1.01  1.00  0.99  
13.98  0.97  0.99  0.99  
14.00  0.98  0.99  1.00  
14.02  0.99  0.99  1.00  
14.04  1.01  0.99  0.99  
14.06  1.00  1.01  0.99  
14.08  1.01  1.01  1.00  
14.10  1.01  1.00  0.99  
14.12  0.97  1.00  0.99  
14.14  1.01  1.01  0.98  
14.16  1.03  1.00  0.99  
14.18  0.99  1.00  0.98  
14.20  1.01  1.00  0.99  
14.22  1.00  1.00  1.00  
14.24  1.00  1.00  0.98  
14.26  1.00  1.00  0.99  
14.28  1.00  1.01  0.98  
14.30  0.99  1.01  0.99  
14.32  1.00  1.01  0.98  
14.34  0.99  1.00  0.98  
14.36  1.02  1.02  0.98  
14.38  0.99  1.01  0.98  
14.40  0.99  1.00  0.99  
14.42  0.99  1.01  0.99  
14.44  0.98  1.01  0.99  
14.46  1.01  1.01  0.99  
14.48  0.98  1.01  0.99  
14.50  1.00  1.01  0.99  
14.52  0.99  1.00  0.98  
14.54  0.99  1.00  0.99  
14.56  0.99  1.00  0.98  
14.58  0.96  1.01  0.99  
14.60  1.00  1.00  0.99  
14.62  1.00  1.01  0.98  
14.64  0.99  1.00  0.99  
14.66  0.98  1.01  1.00  
14.68  1.00  1.01  1.00  
14.70  0.99  1.01  0.99  
14.72  0.97  1.00  0.99  
14.74  1.00  1.01  1.00  
14.76  0.96  1.00  0.98  
14.78  0.98  1.01  1.00  
14.80  1.00  1.00  0.98  
14.82  1.00  1.00  0.99  
14.84  0.98  1.01  1.00  
14.86  1.01  1.00  0.99  
14.88  0.99  1.00  0.99  
14.90  1.00  1.00  0.99  
14.92  1.02  1.01  1.00  
14.94  0.98  1.00  1.00  
14.96  0.98  1.00  0.99  
14.98  1.00  0.99  1.00  
15.00  1.01  1.00  0.99  
15.02  0.99  1.00  0.99  
15.04  1.00  1.00  1.00  
15.06  1.00  1.00  1.00  
15.08  1.01  1.00  1.00  
15.10  0.99  1.00  0.99  
15.12  0.99  0.99  1.00  
15.14  1.01  0.99  1.00  
15.16  0.99  1.00  1.01  
15.18  1.00  1.00  1.00  
15.20  1.01  1.00  1.01  
15.22  0.99  0.99  1.00  
15.24  0.98  1.00  1.01  
15.26  1.00  0.98  1.01  
15.28  1.00  0.99  1.01  
15.30  1.00  1.00  1.01  
15.32  1.00  0.99  1.00  
15.34  1.00  1.00  1.00  
15.36  1.00  0.99  1.00  
15.38  0.99  0.99  1.01  
15.40  0.99  0.99  1.01  
15.42  1.00  0.99  1.01  
15.44  0.99  0.98  1.01  
15.46  0.98  0.99  1.01  
15.48  1.02  1.00  1.01  
15.50  1.00  0.98  0.99  
15.52  0.99  0.99  1.00  
15.54  1.02  0.99  1.01  
15.56  1.03  0.99  1.01  
15.58  1.00  0.99  1.00  
15.60  1.01  0.99  1.00  
15.62  1.00  0.99  1.01  
15.64  1.01  0.99  1.01  
15.66  1.01  0.99  1.01  
15.68  0.99  0.99  1.01  
15.70  1.00  0.99  1.00  
15.72  1.01  0.99  1.00  
15.74  1.00  1.00  1.00  
15.76  1.02  0.99  1.00  
15.78  1.00  0.99  1.01  
15.80  1.00  0.99  1.00  
15.82  1.00  0.99  1.01  
15.84  1.01  0.99  1.01  
15.86  0.99  0.99  1.00  
15.88  1.00  0.99  1.00  
15.90  1.00  1.00  1.00  
15.92  1.01  0.99  1.00  
15.94  1.01  0.98  1.00  
15.96  1.01  1.00  1.00  
15.98  0.99  1.00  1.00  
16.00  0.99  0.99  1.00  
16.02  0.99  0.99  1.00  
16.04  1.00  1.00  1.00  
16.06  1.00  1.00  0.99  
16.08  1.02  1.00  1.00  
16.10  0.99  1.00  1.00  
16.12  0.98  1.00  1.00  
16.14  1.00  1.00  1.00  
16.16  0.99  0.99  0.99  
16.18  1.00  1.00  0.99  
16.20  1.00  0.99  1.00  
16.22  1.00  0.99  0.99  
16.24  1.01  0.99  1.00  
16.26  0.99  0.99  0.99  
16.28  0.98  1.01  0.99  
16.30  1.00  0.99  1.00  
16.32  1.00  1.00  0.99  
16.34  0.99  1.01  0.99  
16.36  1.00  1.00  1.00  
16.38  1.01  1.00  0.99  
16.40  1.00  1.01  0.99  
16.42  1.00  1.01  0.99  
16.44  1.00  0.99  0.99  
16.46  1.00  1.01  0.99  
16.48  0.99  1.00  0.99  
16.50  1.01  1.00  0.98  
16.52  0.99  1.01  1.00  
16.54  0.99  1.00  0.99  
16.56  0.99  1.01  0.99  
16.58  1.02  1.00  0.99  
16.60  0.99  1.00  1.00  
16.62  1.00  1.00  0.99  
16.64  1.00  1.00  1.00  
16.66  1.00  1.01  0.99  
16.68  1.01  1.00  0.99  
16.70  0.99  1.01  1.00  
16.72  1.00  1.00  0.99  
16.74  1.00  1.00  0.99  
16.76  0.97  1.00  0.98  
16.78  1.00  1.00  1.00  
16.80  1.00  1.01  0.99  
16.82  1.00  1.01  0.99  
16.84  0.98  1.01  0.99  
16.86  1.00  1.00  0.99  
16.88  1.00  1.01  1.00  
16.90  0.99  1.00  0.98  
16.92  1.00  1.01  0.99  
16.94  0.98  1.00  0.99  
16.96  0.98  0.99  1.00  
16.98  0.97  0.99  0.99  
17.00  1.00  1.00  0.99  
17.02  1.00  1.00  0.99  
17.04  0.99  1.00  1.00  
17.06  0.98  1.00  1.00  
17.08  0.99  1.01  1.00  
17.10  1.00  1.00  1.00  
17.12  1.00  0.99  1.00  
17.14  1.00  1.00  0.99  
17.16  1.02  1.00  1.00  
17.18  1.01  1.00  1.00  
17.20  1.00  1.00  0.99  
17.22  1.00  1.00  0.99  
17.24  1.00  1.00  1.00  
17.26  1.00  0.99  1.01  
17.28  0.99  0.99  1.00  
17.30  1.00  1.00  1.01  
17.32  0.99  0.99  1.00  
17.34  1.00  1.00  1.01  
17.36  1.01  0.99  0.99  
17.38  1.00  1.00  1.00  
17.40  1.00  0.99  1.01  
17.42  0.99  1.00  1.00  
17.44  0.99  1.00  1.00  
17.46  1.00  1.00  1.00  
17.48  1.01  0.99  0.99  
17.50  0.99  0.99  1.01  
17.52  0.99  1.00  1.00  
17.54  1.01  0.99  1.01  
17.56  0.99  1.01  1.01  
17.58  1.01  1.00  1.00  
17.60  0.99  0.99  1.01  
17.62  1.01  0.99  1.00  
17.64  1.00  1.00  1.00  
17.66  1.00  1.00  1.00  
17.68  1.01  0.99  1.01  
17.70  1.03  0.99  1.00  
17.72  0.99  1.00  1.01  
17.74  1.01  1.00  1.00  
17.76  1.00  0.99  1.00  
17.78  0.99  1.00  1.00  
17.80  0.99  0.99  1.00  
17.82  1.01  0.98  1.01  
17.84  0.99  0.99  1.01  
17.86  0.99  0.99  1.01  
17.88  1.01  0.98  1.00  
17.90  0.99  0.99  1.01  
17.92  1.00  0.99  1.00  
17.94  1.01  1.00  1.00  
17.96  1.00  0.99  1.00  
17.98  1.02  0.99  0.99  
18.00  0.99  1.00  1.00  
18.02  1.00  0.99  1.01  
18.04  1.00  1.00  1.00  
18.06  1.01  1.00  1.00  
18.08  1.00  1.00  1.00  
18.10  1.01  0.99  1.00  
18.12  1.01  1.00  1.00  
18.14  1.00  1.00  1.01  
18.16  1.00  1.00  1.00  
18.18  0.99  0.99  0.99  
18.20  1.00  1.00  0.99  
18.22  1.00  0.99  1.01  
18.24  1.00  1.01  0.99  
18.26  1.01  1.00  1.00  
18.28  0.99  1.00  0.99  
18.30  0.99  0.99  0.99  
18.32  0.99  0.99  1.00  
18.34  1.02  1.00  1.00  
18.36  1.00  1.00  1.00  
18.38  0.98  1.00  1.00  
18.40  1.01  0.99  0.99  
18.42  1.01  1.01  1.00  
18.44  1.00  1.00  0.99  
18.46  1.00  0.99  0.99  
18.48  1.00  1.00  1.00  
18.50  0.99  1.01  1.01  
18.52  0.98  1.00  0.99  
18.54  1.00  1.00  0.99  
18.56  0.99  1.00  1.00  
18.58  0.99  1.00  0.99  
18.60  1.00  1.00  0.99  
18.62  0.99  1.00  0.99  
18.64  1.01  1.00  0.99  
18.66  1.00  1.00  1.00  
18.68  0.99  1.00  0.99  
18.70  1.00  0.99  1.00  
18.72  0.99  1.00  0.99  
18.74  0.99  1.01  0.99  
18.76  1.00  1.00  0.99  
18.78  0.97  1.00  0.99  
18.80  1.00  1.00  0.99  
18.82  0.99  1.00  1.00  
18.84  0.99  1.01  0.99  
18.86  1.00  0.99  0.99  
18.88  0.99  1.00  1.00  
18.90  0.99  1.01  0.99  
18.92  0.99  1.00  1.00  
18.94  1.00  1.00  1.00  
18.96  1.00  1.00  1.00  
18.98  0.98  1.01  1.00  
19.00  1.01  1.00  1.00  
19.02  0.99  1.00  0.99  
19.04  1.00  1.01  0.99  
19.06  1.01  1.00  0.99  
19.08  0.98  1.00  1.00  
19.10  1.00  1.00  1.00  
19.12  0.99  0.99  1.00  
19.14  1.01  1.00  1.00  
19.16  0.99  1.01  0.99  
19.18  0.99  1.00  1.00  
19.20  0.99  0.99  1.00  
19.22  1.00  0.99  0.99  
19.24  1.01  1.00  1.00  
19.26  1.00  1.00  0.99  
19.28  1.00  1.00  1.00  
19.30  0.99  1.00  0.99  
19.32  0.99  1.00  0.99  
19.34  1.00  1.00  0.99  
19.36  0.98  1.00  1.00  
19.38  1.00  0.99  1.00  
19.40  1.00  1.00  1.00  
19.42  0.99  1.00  1.00  
19.44  1.00  1.00  1.00  
19.46  1.01  1.00  1.00  
19.48  1.00  1.00  1.00  
19.50  1.00  1.01  1.00  
19.52  1.01  0.99  1.00  
19.54  0.99  0.99  1.00  
19.56  0.99  0.99  1.00  
19.58  1.01  1.00  1.00  
19.60  1.00  1.01  1.00  
19.62  1.01  0.99  1.00  
19.64  1.00  1.00  1.01  
19.66  0.98  1.00  1.00  
19.68  1.00  1.00  1.00  
19.70  1.00  1.00  1.00  
19.72  1.01  1.01  0.99  
19.74  1.00  1.00  1.00  
19.76  1.01  1.00  1.00  
19.78  0.99  1.00  1.01  
19.80  0.99  0.98  1.00  
19.82  1.00  0.99  1.00  
19.84  0.99  0.99  1.00  
19.86  0.99  0.99  1.00  
19.88  1.01  1.00  1.00  
19.90  1.01  0.99  1.00  
19.92  1.01  0.99  1.00  
19.94  1.02  0.99  1.01  
19.96  1.01  1.00  0.99  
19.98  1.00  0.99  1.00  
20.00  1.01  0.99  1.00  
20.02  1.00  1.00  1.00  
20.04  1.01  0.99  1.00  
20.06  1.00  1.00  1.00  
20.08  1.00  1.00  1.00  
20.10  1.00  1.00  1.00  
20.12  1.00  1.00  1.00  
20.14  1.01  0.99  1.00  
20.16  1.01  0.99  1.00  
20.18  1.00  1.00  1.00  
20.20  0.99  1.00  1.00  
20.22  0.99  0.99  1.00  
20.24  0.99  1.00  1.00  
20.26  0.99  0.99  0.99  
20.28  1.00  0.99  1.01  
20.30  1.00  0.99  1.00  
20.32  0.99  1.00  1.00  
20.34  1.00  0.99  0.99  
20.36  1.00  1.01  1.00  
20.38  0.99  1.00  1.00  
20.40  1.00  1.00  0.99  
20.42  1.00  0.99  1.00  
20.44  1.00  1.00  1.00  
20.46  0.98  0.99  1.00  
20.48  1.00  1.00  0.99  
20.50  1.01  1.00  0.99  
20.52  1.01  1.00  1.00  
20.54  0.98  1.00  1.00  
20.56  0.98  1.00  0.99  
20.58  1.00  1.00  1.00  
20.60  1.00  1.00  1.00  
20.62  0.99  0.99  1.00  
20.64  1.02  1.00  1.00  
20.66  1.00  1.00  1.00  
20.68  1.00  1.00  0.99  
20.70  1.01  1.00  1.00  
20.72  0.99  1.00  1.00  
20.74  1.01  1.00  1.00  
20.76  0.98  1.00  1.00  
20.78  0.98  1.01  1.00  
20.80  0.98  0.99  1.00  
20.82  0.99  1.00  0.99  
20.84  0.99  1.00  1.00  
20.86  0.98  1.00  0.99  
20.88  0.99  1.00  1.00  
20.90  1.00  1.00  0.99  
20.92  1.00  1.00  1.00  
20.94  1.00  1.00  1.00  
20.96  0.99  0.99  0.99  
20.98  1.01  1.00  1.00  
21.00  0.99  1.01  1.00  
21.02  1.01  1.00  0.99  
21.04  0.99  1.01  1.00  
21.06  1.00  1.01  0.99  
21.08  1.00  0.99  1.00  
21.10  1.00  1.00  1.00  
21.12  1.00  1.00  1.00  
21.14  0.99  1.00  0.99  
21.16  0.99  1.00  1.00  
21.18  1.00  1.00  0.99  
21.20  1.00  1.00  0.99  
21.22  0.99  1.00  0.99  
21.24  0.99  1.01  0.99  
21.26  1.00  1.01  1.00  
21.28  1.01  1.00  1.00  
21.30  0.99  0.99  1.00  
21.32  1.00  1.00  1.00  
21.34  0.99  1.00  1.00  
21.36  0.99  1.00  0.99  
21.38  0.99  0.99  1.00  
21.40  1.01  1.00  1.00  
21.42  1.01  1.01  0.99  
21.44  1.00  1.00  1.00  
21.46  0.99  0.99  0.99  
21.48  1.01  1.00  1.00  
21.50  0.98  1.00  1.00  
21.52  0.99  1.00  1.00  
21.54  1.00  1.00  1.00  
21.56  1.01  1.00  1.00  
21.58  1.00  0.99  1.00  
21.60  1.00  1.00  1.00  
21.62  0.99  1.00  1.00  
21.64  1.00  0.99  1.01  
21.66  1.00  0.99  1.01  
21.68  0.99  1.00  1.00  
21.70  0.99  1.00  1.00  
21.72  1.00  0.99  1.00  
21.74  1.00  1.00  0.99  
21.76  1.02  1.00  1.00  
21.78  1.01  1.00  1.00  
21.80  0.99  1.00  1.00  
21.82  1.00  1.01  1.00  
21.84  1.00  0.99  1.00  
21.86  0.99  0.99  0.99  
21.88  1.00  0.99  1.00  
21.90  1.00  0.99  1.00  
21.92  0.99  0.99  1.00  
21.94  0.99  1.00  1.00  
21.96  1.02  0.99  1.00  
21.98  1.00  1.00  1.00  
22.00  1.00  1.00  1.00  
22.02  1.00  1.00  1.00  
22.04  1.02  1.00  1.00  
22.06  0.99  1.00  1.00  
22.08  1.00  1.00  1.00  
22.10  1.01  1.00  1.00  
22.12  0.99  1.00  1.01  
22.14  0.99  1.00  1.00  
22.16  1.01  1.00  1.00  
22.18  1.01  1.00  1.00  
22.20  1.00  1.00  1.00  
22.22  1.01  1.00  0.99  
22.24  0.99  0.99  1.00  
22.26  1.01  1.01  0.99  
22.28  1.00  1.00  1.00  
22.30  1.00  1.00  1.00  
22.32  1.01  1.00  1.00  
22.34  0.98  1.00  1.00  
22.36  1.00  0.99  1.00  
22.38  1.00  1.00  1.00  
22.40  1.01  1.00  1.00  
22.42  1.00  1.00  1.00  
22.44  1.00  1.00  1.00  
22.46  1.00  0.99  1.00  
22.48  0.99  1.00  1.00  
22.50  0.99  1.00  1.00  
22.52  1.01  0.99  0.99  
22.54  1.00  0.99  1.01  
22.56  0.99  1.00  1.00  
22.58  1.01  1.00  1.00  
22.60  1.00  1.00  1.00  
22.62  1.00  1.00  1.00  
22.64  1.01  0.99  0.99  
22.66  1.00  1.00  0.99  
22.68  1.01  1.00  1.01  
22.70  1.00  1.00  1.00  
22.72  1.01  1.00  0.99  
22.74  1.00  1.00  1.00  
22.76  1.01  1.00  1.00  
22.78  0.99  1.00  1.00  
22.80  1.00  0.99  1.00  
22.82  0.99  1.00  0.99  
22.84  1.00  1.00  1.00  
22.86  0.99  1.00  1.00  
22.88  1.00  0.99  1.00  
22.90  1.00  0.99  1.00  
22.92  1.00  1.00  0.99  
22.94  0.99  1.00  0.99  
22.96  0.99  1.00  1.00  
22.98  0.99  1.00  1.00  
23.00  0.99  1.00  0.99  
23.02  1.00  0.99  1.00  
23.04  0.98  1.01  1.00  
23.06  0.99  1.00  0.99  
23.08  1.00  1.00  1.00  
23.10  1.00  1.00  1.00  
23.12  1.00  1.00  1.00  
23.14  0.99  1.00  1.00  
23.16  1.00  1.00  1.00  
23.18  1.00  1.00  0.99  
23.20  0.99  1.00  1.00  
23.22  0.98  1.00  1.00  
23.24  1.00  1.01  1.00  
23.26  0.99  1.00  1.00  
23.28  1.00  1.00  1.00  
23.30  1.00  1.01  1.00  
23.32  1.00  1.00  0.99  
23.34  1.00  1.00  1.00  
23.36  1.01  1.00  1.00  
23.38  1.00  0.99  1.00  
23.40  1.00  1.00  0.99  
23.42  0.99  1.00  0.99  
23.44  1.00  1.01  0.99  
23.46  1.00  1.00  1.00  
23.48  1.00  1.00  1.00  
23.50  0.99  1.00  1.00  
23.52  1.00  1.00  1.00  
23.54  1.00  1.00  1.00  
23.56  1.00  1.00  1.00  
23.58  0.99  1.00  1.00  
23.60  1.01  1.00  1.00  
23.62  1.00  1.01  0.99  
23.64  0.99  1.00  1.00  
23.66  1.01  1.00  1.00  
23.68  1.00  1.00  1.00  
23.70  1.01  1.00  1.00  
23.72  1.01  0.99  1.00  
23.74  0.99  1.00  1.00  
23.76  1.00  1.00  1.00  
23.78  1.01  1.00  1.00  
23.80  1.00  0.99  1.00  
23.82  1.01  0.99  0.99  
23.84  1.01  1.00  1.00  
23.86  1.00  0.99  1.00  
23.88  0.99  1.00  1.00  
23.90  1.01  1.00  1.00  
23.92  1.00  0.99  1.00  
23.94  0.99  1.00  1.00  
23.96  1.00  1.00  1.00  
23.98  1.00  1.00  0.99  
24.00  0.50  0.50  0.50  
