
 SPT   Si   O
            1            0           21
            2            0         4519
            3            4         8295
            4          524          496
            5         3125            1
            6         2894            0
            7          116            0
            8            3            0
            9            0            0
           10            0            0
           11            0            0
           12            0            0
           13            0            0
           14            0            0
           15            0            0
           16            0            0
           17            0            0
           18            0            0
           19            0            0