 0.02  0.00  0.00  0.00  
 0.04  0.00  0.00  0.00  
 0.06  0.00  0.00  0.00  
 0.08  0.00  0.00  0.00  
 0.10  0.00  0.00  0.00  
 0.12  0.00  0.00  0.00  
 0.14  0.00  0.00  0.00  
 0.16  0.00  0.00  0.00  
 0.18  0.00  0.00  0.00  
 0.20  0.00  0.00  0.00  
 0.22  0.00  0.00  0.00  
 0.24  0.00  0.00  0.00  
 0.26  0.00  0.00  0.00  
 0.28  0.00  0.00  0.00  
 0.30  0.00  0.00  0.00  
 0.32  0.00  0.00  0.00  
 0.34  0.00  0.00  0.00  
 0.36  0.00  0.00  0.00  
 0.38  0.00  0.00  0.00  
 0.40  0.00  0.00  0.00  
 0.42  0.00  0.00  0.00  
 0.44  0.00  0.00  0.00  
 0.46  0.00  0.00  0.00  
 0.48  0.00  0.00  0.00  
 0.50  0.00  0.00  0.00  
 0.52  0.00  0.00  0.00  
 0.54  0.00  0.00  0.00  
 0.56  0.00  0.00  0.00  
 0.58  0.00  0.00  0.00  
 0.60  0.00  0.00  0.00  
 0.62  0.00  0.00  0.00  
 0.64  0.00  0.00  0.00  
 0.66  0.00  0.00  0.00  
 0.68  0.00  0.00  0.00  
 0.70  0.00  0.00  0.00  
 0.72  0.00  0.00  0.00  
 0.74  0.00  0.00  0.00  
 0.76  0.00  0.00  0.00  
 0.78  0.00  0.00  0.00  
 0.80  0.00  0.00  0.00  
 0.82  0.00  0.00  0.00  
 0.84  0.00  0.00  0.00  
 0.86  0.00  0.00  0.00  
 0.88  0.00  0.00  0.00  
 0.90  0.00  0.00  0.00  
 0.92  0.00  0.00  0.00  
 0.94  0.00  0.00  0.00  
 0.96  0.00  0.00  0.00  
 0.98  0.00  0.00  0.00  
 1.00  0.00  0.00  0.00  
 1.02  0.00  0.00  0.00  
 1.04  0.00  0.00  0.00  
 1.06  0.00  0.00  0.00  
 1.08  0.00  0.00  0.00  
 1.10  0.00  0.00  0.00  
 1.12  0.00  0.00  0.00  
 1.14  0.00  0.00  0.00  
 1.16  0.00  0.00  0.00  
 1.18  0.00  0.00  0.00  
 1.20  0.00  0.00  0.00  
 1.22  0.00  0.00  0.00  
 1.24  0.00  0.00  0.00  
 1.26  0.00  0.00  0.00  
 1.28  0.00  0.00  0.00  
 1.30  0.00  0.00  0.00  
 1.32  0.00  0.00  0.00  
 1.34  0.00  0.00  0.00  
 1.36  0.00  0.03  0.00  
 1.38  0.00  0.05  0.00  
 1.40  0.00  0.12  0.00  
 1.42  0.00  0.25  0.00  
 1.44  0.00  0.35  0.00  
 1.46  0.00  0.68  0.00  
 1.48  0.00  0.95  0.00  
 1.50  0.00  1.44  0.00  
 1.52  0.00  2.04  0.00  
 1.54  0.00  2.51  0.00  
 1.56  0.00  3.32  0.00  
 1.58  0.00  3.83  0.00  
 1.60  0.00  4.18  0.00  
 1.62  0.00  4.61  0.00  
 1.64  0.00  4.91  0.00  
 1.66  0.00  4.83  0.00  
 1.68  0.00  5.01  0.00  
 1.70  0.00  4.79  0.00  
 1.72  0.00  4.35  0.00  
 1.74  0.00  4.15  0.00  
 1.76  0.00  3.79  0.00  
 1.78  0.00  3.48  0.00  
 1.80  0.00  3.17  0.00  
 1.82  0.00  2.69  0.00  
 1.84  0.00  2.41  0.01  
 1.86  0.00  1.99  0.00  
 1.88  0.00  1.87  0.03  
 1.90  0.00  1.65  0.03  
 1.92  0.00  1.48  0.05  
 1.94  0.00  1.26  0.09  
 1.96  0.00  1.17  0.12  
 1.98  0.00  1.03  0.15  
 2.00  0.00  0.93  0.18  
 2.02  0.00  0.80  0.26  
 2.04  0.00  0.71  0.29  
 2.06  0.00  0.60  0.42  
 2.08  0.00  0.58  0.48  
 2.10  0.00  0.55  0.59  
 2.12  0.00  0.48  0.76  
 2.14  0.00  0.42  0.77  
 2.16  0.01  0.40  0.94  
 2.18  0.01  0.41  1.16  
 2.20  0.01  0.41  1.24  
 2.22  0.02  0.33  1.37  
 2.24  0.02  0.30  1.51  
 2.26  0.03  0.32  1.66  
 2.28  0.03  0.30  1.78  
 2.30  0.04  0.27  1.90  
 2.32  0.06  0.24  1.98  
 2.34  0.07  0.27  2.05  
 2.36  0.15  0.28  2.21  
 2.38  0.21  0.28  2.27  
 2.40  0.17  0.28  2.19  
 2.42  0.25  0.24  2.50  
 2.44  0.28  0.25  2.38  
 2.46  0.39  0.25  2.40  
 2.48  0.53  0.24  2.48  
 2.50  0.41  0.25  2.40  
 2.52  0.55  0.28  2.36  
 2.54  0.65  0.29  2.18  
 2.56  0.76  0.28  2.27  
 2.58  0.80  0.27  2.19  
 2.60  0.93  0.30  2.01  
 2.62  1.13  0.26  2.06  
 2.64  1.06  0.30  1.89  
 2.66  1.24  0.33  2.00  
 2.68  1.33  0.32  1.79  
 2.70  1.19  0.31  1.72  
 2.72  1.30  0.35  1.59  
 2.74  1.48  0.39  1.53  
 2.76  1.61  0.40  1.44  
 2.78  1.64  0.40  1.38  
 2.80  1.71  0.42  1.36  
 2.82  1.78  0.47  1.26  
 2.84  1.65  0.48  1.21  
 2.86  1.82  0.46  1.18  
 2.88  1.84  0.50  1.08  
 2.90  2.05  0.52  1.02  
 2.92  1.88  0.52  1.03  
 2.94  1.99  0.58  1.01  
 2.96  2.03  0.60  0.94  
 2.98  2.07  0.67  0.87  
 3.00  2.18  0.63  0.86  
 3.02  2.29  0.72  0.85  
 3.04  2.21  0.69  0.78  
 3.06  2.28  0.75  0.78  
 3.08  2.32  0.78  0.78  
 3.10  2.21  0.84  0.79  
 3.12  2.19  0.89  0.76  
 3.14  2.19  0.87  0.75  
 3.16  2.28  0.94  0.73  
 3.18  2.07  0.92  0.72  
 3.20  2.00  0.95  0.71  
 3.22  2.09  1.01  0.74  
 3.24  1.89  1.05  0.70  
 3.26  1.87  1.07  0.72  
 3.28  1.78  1.06  0.71  
 3.30  1.49  1.12  0.69  
 3.32  1.52  1.11  0.70  
 3.34  1.51  1.18  0.73  
 3.36  1.31  1.21  0.69  
 3.38  1.27  1.22  0.70  
 3.40  1.19  1.23  0.73  
 3.42  1.06  1.25  0.70  
 3.44  1.01  1.29  0.67  
 3.46  0.92  1.26  0.69  
 3.48  0.90  1.29  0.65  
 3.50  0.91  1.28  0.64  
 3.52  0.84  1.35  0.62  
 3.54  0.77  1.34  0.64  
 3.56  0.75  1.33  0.64  
 3.58  0.72  1.34  0.64  
 3.60  0.71  1.38  0.64  
 3.62  0.75  1.37  0.66  
 3.64  0.67  1.38  0.64  
 3.66  0.72  1.38  0.62  
 3.68  0.63  1.39  0.61  
 3.70  0.68  1.45  0.60  
 3.72  0.54  1.43  0.61  
 3.74  0.69  1.41  0.63  
 3.76  0.61  1.46  0.65  
 3.78  0.63  1.44  0.65  
 3.80  0.59  1.49  0.63  
 3.82  0.73  1.46  0.65  
 3.84  0.62  1.43  0.71  
 3.86  0.73  1.46  0.67  
 3.88  0.68  1.42  0.67  
 3.90  0.72  1.46  0.68  
 3.92  0.61  1.38  0.71  
 3.94  0.65  1.37  0.75  
 3.96  0.67  1.42  0.76  
 3.98  0.68  1.36  0.76  
 4.00  0.68  1.34  0.78  
 4.02  0.69  1.31  0.78  
 4.04  0.64  1.30  0.80  
 4.06  0.73  1.27  0.82  
 4.08  0.71  1.25  0.86  
 4.10  0.76  1.23  0.86  
 4.12  0.72  1.19  0.92  
 4.14  0.74  1.16  0.95  
 4.16  0.73  1.13  0.92  
 4.18  0.77  1.12  0.98  
 4.20  0.80  1.05  0.96  
 4.22  0.82  1.07  1.00  
 4.24  0.79  1.01  1.03  
 4.26  0.83  1.01  1.08  
 4.28  0.82  1.00  1.07  
 4.30  0.87  0.97  1.13  
 4.32  0.86  0.92  1.12  
 4.34  0.94  0.94  1.17  
 4.36  0.90  0.89  1.17  
 4.38  0.90  0.90  1.15  
 4.40  0.88  0.84  1.22  
 4.42  0.86  0.83  1.25  
 4.44  0.96  0.83  1.21  
 4.46  0.90  0.83  1.29  
 4.48  0.93  0.85  1.29  
 4.50  0.93  0.80  1.29  
 4.52  0.99  0.78  1.30  
 4.54  0.95  0.80  1.30  
 4.56  1.00  0.79  1.30  
 4.58  0.93  0.79  1.31  
 4.60  0.99  0.81  1.34  
 4.62  0.98  0.78  1.34  
 4.64  1.01  0.77  1.32  
 4.66  1.02  0.76  1.33  
 4.68  0.94  0.75  1.33  
 4.70  1.00  0.75  1.32  
 4.72  1.06  0.77  1.31  
 4.74  1.04  0.73  1.30  
 4.76  1.02  0.76  1.29  
 4.78  1.04  0.73  1.27  
 4.80  1.05  0.78  1.29  
 4.82  1.09  0.80  1.25  
 4.84  1.03  0.76  1.25  
 4.86  1.02  0.77  1.27  
 4.88  1.05  0.78  1.20  
 4.90  1.06  0.78  1.21  
 4.92  1.07  0.77  1.19  
 4.94  1.10  0.76  1.18  
 4.96  1.12  0.79  1.14  
 4.98  1.02  0.78  1.14  
 5.00  1.06  0.80  1.17  
 5.02  1.02  0.81  1.14  
 5.04  1.05  0.77  1.09  
 5.06  1.11  0.80  1.09  
 5.08  1.14  0.82  1.06  
 5.10  1.16  0.83  1.04  
 5.12  1.10  0.84  1.03  
 5.14  1.06  0.83  1.01  
 5.16  1.11  0.81  1.00  
 5.18  1.15  0.87  0.96  
 5.20  1.10  0.85  1.00  
 5.22  1.11  0.83  0.96  
 5.24  1.08  0.88  0.95  
 5.26  1.07  0.88  0.94  
 5.28  1.09  0.90  0.92  
 5.30  1.09  0.92  0.94  
 5.32  1.05  0.91  0.91  
 5.34  1.03  0.94  0.87  
 5.36  1.07  0.96  0.87  
 5.38  1.09  0.96  0.86  
 5.40  1.09  0.99  0.88  
 5.42  1.12  0.96  0.88  
 5.44  1.10  1.00  0.88  
 5.46  1.09  1.00  0.88  
 5.48  1.02  1.03  0.85  
 5.50  1.04  1.01  0.85  
 5.52  1.05  1.04  0.85  
 5.54  1.06  1.04  0.82  
 5.56  1.03  1.08  0.82  
 5.58  1.01  1.08  0.82  
 5.60  1.05  1.07  0.83  
 5.62  0.96  1.12  0.83  
 5.64  0.97  1.10  0.82  
 5.66  0.99  1.11  0.81  
 5.68  0.92  1.10  0.83  
 5.70  0.94  1.13  0.85  
 5.72  0.97  1.14  0.82  
 5.74  0.92  1.14  0.81  
 5.76  0.98  1.13  0.85  
 5.78  0.97  1.14  0.82  
 5.80  0.91  1.16  0.82  
 5.82  0.93  1.14  0.83  
 5.84  0.90  1.16  0.86  
 5.86  0.93  1.17  0.85  
 5.88  0.89  1.18  0.82  
 5.90  0.93  1.13  0.84  
 5.92  0.94  1.14  0.85  
 5.94  0.92  1.15  0.81  
 5.96  0.90  1.16  0.85  
 5.98  0.92  1.14  0.86  
 6.00  0.93  1.15  0.85  
 6.02  0.91  1.17  0.89  
 6.04  0.88  1.13  0.88  
 6.06  0.87  1.16  0.87  
 6.08  0.88  1.17  0.88  
 6.10  0.86  1.13  0.89  
 6.12  0.92  1.10  0.92  
 6.14  0.88  1.10  0.92  
 6.16  0.91  1.11  0.93  
 6.18  0.90  1.11  0.93  
 6.20  0.92  1.08  0.96  
 6.22  0.92  1.10  0.94  
 6.24  0.91  1.09  0.96  
 6.26  0.95  1.09  0.96  
 6.28  0.94  1.10  0.97  
 6.30  0.90  1.09  0.99  
 6.32  0.98  1.05  1.00  
 6.34  0.90  1.02  1.00  
 6.36  0.93  1.04  0.99  
 6.38  0.93  1.06  0.99  
 6.40  0.98  1.03  1.04  
 6.42  0.99  1.03  1.04  
 6.44  0.95  1.02  1.05  
 6.46  0.96  1.00  1.07  
 6.48  0.99  1.00  1.04  
 6.50  0.99  0.98  1.07  
 6.52  0.97  0.97  1.08  
 6.54  1.03  0.96  1.10  
 6.56  0.97  0.97  1.11  
 6.58  1.01  0.97  1.11  
 6.60  0.99  0.93  1.13  
 6.62  0.99  0.96  1.11  
 6.64  1.06  0.94  1.11  
 6.66  1.00  0.93  1.11  
 6.68  1.06  0.92  1.11  
 6.70  1.02  0.93  1.11  
 6.72  1.00  0.93  1.10  
 6.74  1.03  0.90  1.13  
 6.76  1.03  0.91  1.11  
 6.78  1.07  0.91  1.13  
 6.80  1.01  0.91  1.14  
 6.82  1.10  0.92  1.14  
 6.84  1.03  0.92  1.12  
 6.86  1.07  0.91  1.11  
 6.88  1.04  0.91  1.13  
 6.90  1.04  0.92  1.12  
 6.92  1.09  0.87  1.13  
 6.94  1.09  0.89  1.11  
 6.96  1.06  0.89  1.10  
 6.98  1.07  0.87  1.11  
 7.00  1.10  0.90  1.11  
 7.02  1.02  0.92  1.09  
 7.04  1.07  0.90  1.10  
 7.06  1.05  0.91  1.09  
 7.08  1.06  0.88  1.08  
 7.10  1.10  0.91  1.08  
 7.12  1.10  0.90  1.07  
 7.14  1.07  0.90  1.06  
 7.16  1.10  0.91  1.06  
 7.18  1.07  0.91  1.06  
 7.20  1.03  0.93  1.04  
 7.22  1.10  0.91  1.04  
 7.24  1.06  0.92  1.04  
 7.26  1.04  0.93  1.01  
 7.28  1.07  0.92  1.01  
 7.30  1.08  0.93  1.01  
 7.32  1.06  0.92  0.98  
 7.34  1.04  0.94  0.98  
 7.36  1.07  0.94  1.00  
 7.38  1.04  0.94  0.99  
 7.40  1.06  0.96  0.98  
 7.42  1.02  0.97  0.96  
 7.44  1.03  0.96  0.96  
 7.46  1.05  0.98  0.97  
 7.48  1.01  0.97  0.97  
 7.50  1.02  0.99  0.95  
 7.52  1.02  0.98  0.94  
 7.54  1.01  0.99  0.96  
 7.56  1.00  1.01  0.94  
 7.58  1.02  1.00  0.95  
 7.60  0.97  0.98  0.95  
 7.62  1.03  1.02  0.92  
 7.64  0.96  1.01  0.93  
 7.66  1.01  1.03  0.93  
 7.68  0.98  1.02  0.93  
 7.70  0.95  1.03  0.93  
 7.72  0.99  1.03  0.93  
 7.74  0.96  1.06  0.92  
 7.76  0.96  1.04  0.91  
 7.78  0.92  1.04  0.91  
 7.80  0.97  1.04  0.92  
 7.82  0.96  1.05  0.90  
 7.84  1.01  1.04  0.93  
 7.86  0.98  1.05  0.91  
 7.88  0.94  1.07  0.92  
 7.90  0.98  1.06  0.91  
 7.92  0.95  1.07  0.93  
 7.94  0.89  1.07  0.92  
 7.96  0.95  1.05  0.92  
 7.98  0.93  1.08  0.91  
 8.00  0.92  1.07  0.93  
 8.02  0.92  1.06  0.93  
 8.04  0.93  1.08  0.93  
 8.06  0.94  1.05  0.93  
 8.08  0.91  1.07  0.92  
 8.10  0.93  1.07  0.94  
 8.12  0.93  1.07  0.94  
 8.14  0.92  1.05  0.93  
 8.16  0.95  1.06  0.93  
 8.18  0.91  1.04  0.93  
 8.20  0.91  1.06  0.95  
 8.22  0.96  1.06  0.96  
 8.24  0.95  1.05  0.95  
 8.26  0.92  1.06  0.94  
 8.28  0.96  1.01  0.97  
 8.30  0.90  1.04  0.95  
 8.32  0.94  1.05  0.95  
 8.34  0.95  1.04  0.97  
 8.36  0.94  1.03  0.98  
 8.38  0.95  1.02  1.00  
 8.40  0.96  1.04  0.98  
 8.42  0.94  1.04  0.98  
 8.44  0.93  1.03  0.98  
 8.46  0.97  1.02  1.00  
 8.48  0.97  1.02  0.98  
 8.50  0.91  1.01  1.00  
 8.52  0.95  1.00  1.00  
 8.54  0.95  1.00  1.00  
 8.56  0.98  1.00  1.02  
 8.58  0.96  1.02  1.03  
 8.60  0.97  0.99  1.03  
 8.62  0.99  0.99  1.02  
 8.64  0.98  0.97  1.02  
 8.66  0.99  0.97  1.04  
 8.68  1.01  0.98  1.03  
 8.70  0.98  1.00  1.04  
 8.72  1.00  0.97  1.05  
 8.74  1.01  0.97  1.04  
 8.76  0.97  0.97  1.05  
 8.78  0.98  0.98  1.05  
 8.80  1.02  0.96  1.05  
 8.82  1.02  0.98  1.05  
 8.84  1.01  0.97  1.05  
 8.86  1.01  0.96  1.04  
 8.88  1.02  0.96  1.06  
 8.90  1.03  0.95  1.04  
 8.92  1.05  0.97  1.08  
 8.94  1.00  0.95  1.06  
 8.96  0.98  0.95  1.04  
 8.98  1.02  0.97  1.05  
 9.00  1.03  0.94  1.05  
 9.02  1.03  0.95  1.06  
 9.04  1.04  0.94  1.05  
 9.06  1.02  0.94  1.06  
 9.08  1.05  0.94  1.05  
 9.10  1.02  0.95  1.05  
 9.12  1.03  0.95  1.06  
 9.14  1.03  0.95  1.05  
 9.16  1.05  0.96  1.04  
 9.18  1.06  0.95  1.04  
 9.20  1.07  0.95  1.05  
 9.22  1.03  0.97  1.05  
 9.24  1.01  0.96  1.03  
 9.26  1.06  0.95  1.03  
 9.28  1.05  0.95  1.04  
 9.30  1.02  0.94  1.03  
 9.32  1.06  0.96  1.03  
 9.34  1.07  0.94  1.03  
 9.36  1.06  0.97  1.01  
 9.38  1.03  0.96  1.00  
 9.40  1.05  0.98  0.99  
 9.42  1.05  0.96  1.02  
 9.44  1.05  0.97  0.99  
 9.46  1.04  0.96  1.00  
 9.48  1.04  0.97  1.00  
 9.50  1.05  0.97  1.00  
 9.52  1.05  0.98  1.00  
 9.54  1.03  0.98  1.00  
 9.56  1.02  0.98  0.99  
 9.58  1.04  0.99  1.00  
 9.60  0.99  0.98  0.98  
 9.62  1.03  0.99  0.97  
 9.64  1.01  1.00  0.99  
 9.66  1.05  0.99  0.98  
 9.68  1.01  0.99  0.97  
 9.70  0.98  1.00  0.96  
 9.72  1.01  0.99  0.95  
 9.74  1.00  1.01  0.97  
 9.76  1.03  0.99  0.97  
 9.78  1.01  1.00  0.96  
 9.80  1.01  1.00  0.96  
 9.82  1.00  1.00  0.96  
 9.84  1.01  1.02  0.96  
 9.86  1.01  1.02  0.96  
 9.88  1.00  1.02  0.96  
 9.90  0.98  1.03  0.95  
 9.92  0.99  1.01  0.97  
 9.94  0.95  1.04  0.95  
 9.96  0.99  1.03  0.97  
 9.98  0.98  1.04  0.95  
10.00  0.99  1.03  0.96  
10.02  0.98  1.03  0.96  
10.04  0.97  1.03  0.98  
10.06  0.98  1.04  0.96  
10.08  0.98  1.04  0.96  
10.10  0.95  1.04  0.96  
10.12  0.97  1.03  0.96  
10.14  0.97  1.03  0.94  
10.16  0.99  1.02  0.96  
10.18  0.99  1.03  0.96  
10.20  0.96  1.03  0.96  
10.22  0.95  1.02  0.97  
10.24  0.96  1.02  0.96  
10.26  0.95  1.04  0.96  
10.28  0.97  1.03  0.97  
10.30  0.98  1.02  0.97  
10.32  0.96  1.02  0.96  
10.34  0.96  1.03  0.96  
10.36  0.97  1.03  0.96  
10.38  0.95  1.02  0.97  
10.40  0.95  1.04  0.98  
10.42  0.97  1.03  0.97  
10.44  0.98  1.03  0.98  
10.46  0.97  1.02  1.00  
10.48  0.96  1.02  0.98  
10.50  0.95  1.02  0.99  
10.52  0.97  1.02  0.99  
10.54  1.01  1.02  0.99  
10.56  0.97  1.01  1.00  
10.58  0.95  1.01  0.99  
10.60  0.99  1.00  0.99  
10.62  0.96  1.00  1.00  
10.64  0.97  1.01  0.99  
10.66  0.98  1.00  0.99  
10.68  0.96  1.01  1.00  
10.70  0.99  1.00  0.99  
10.72  0.97  0.98  1.00  
10.74  0.98  0.99  1.03  
10.76  1.00  0.99  1.02  
10.78  0.98  0.98  1.02  
10.80  0.99  1.00  1.00  
10.82  0.99  1.00  1.02  
10.84  0.99  0.98  1.02  
10.86  0.96  0.99  1.02  
10.88  0.97  0.97  1.02  
10.90  0.99  0.97  1.01  
10.92  1.00  0.97  1.03  
10.94  1.00  0.98  1.01  
10.96  0.98  0.98  1.02  
10.98  1.00  0.97  1.02  
11.00  0.98  0.98  1.02  
11.02  0.98  0.98  1.03  
11.04  0.98  0.98  1.02  
11.06  1.00  0.95  1.04  
11.08  1.02  0.98  1.05  
11.10  1.02  0.97  1.02  
11.12  1.02  0.97  1.03  
11.14  1.02  0.98  1.02  
11.16  1.00  0.99  1.03  
11.18  1.03  0.96  1.04  
11.20  1.01  0.97  1.02  
11.22  1.03  0.97  1.03  
11.24  1.00  0.97  1.02  
11.26  1.01  0.99  1.03  
11.28  0.98  0.99  1.03  
11.30  1.03  0.96  1.03  
11.32  1.02  0.97  1.02  
11.34  1.04  0.95  1.01  
11.36  1.01  0.98  1.01  
11.38  1.01  0.98  1.03  
11.40  1.03  0.98  1.02  
11.42  1.01  0.97  1.02  
11.44  1.03  0.99  1.01  
11.46  1.04  0.97  1.02  
11.48  1.00  0.98  1.02  
11.50  1.02  0.99  1.01  
11.52  1.01  0.98  1.01  
11.54  1.03  0.98  1.01  
11.56  1.01  0.98  1.01  
11.58  1.05  0.98  1.00  
11.60  1.01  0.98  1.00  
11.62  1.04  0.99  1.00  
11.64  1.02  0.99  1.00  
11.66  1.03  0.98  0.98  
11.68  1.04  0.99  0.99  
11.70  1.01  1.00  1.01  
11.72  0.99  0.99  1.00  
11.74  1.00  0.99  1.02  
11.76  1.03  0.99  1.00  
11.78  1.01  0.99  0.98  
11.80  0.99  1.00  0.98  
11.82  0.97  0.98  0.99  
11.84  0.99  0.99  0.99  
11.86  1.01  1.00  0.98  
11.88  0.98  1.00  0.98  
11.90  0.99  1.00  0.98  
11.92  1.00  1.00  0.98  
11.94  0.99  1.01  0.98  
11.96  0.99  1.01  0.97  
11.98  0.99  1.02  0.98  
12.00  0.99  1.00  0.98  
12.02  0.99  1.03  0.97  
12.04  0.99  1.01  0.97  
12.06  0.97  1.01  0.98  
12.08  1.02  1.00  0.97  
12.10  0.99  1.02  0.98  
12.12  1.01  1.02  0.99  
12.14  0.99  1.00  0.97  
12.16  0.98  1.01  0.98  
12.18  0.99  1.02  0.97  
12.20  1.02  1.01  0.97  
12.22  0.98  1.01  0.99  
12.24  0.95  1.02  0.97  
12.26  1.01  1.01  0.97  
12.28  0.99  1.02  0.98  
12.30  0.99  1.02  0.98  
12.32  1.00  1.02  0.98  
12.34  0.98  1.01  0.99  
12.36  0.96  1.02  0.97  
12.38  1.01  1.00  0.98  
12.40  0.97  1.02  0.99  
12.42  0.98  1.02  0.97  
12.44  0.99  1.00  0.98  
12.46  0.98  1.03  0.98  
12.48  1.00  1.01  0.98  
12.50  0.98  1.01  0.98  
12.52  1.00  1.02  0.98  
12.54  1.00  1.01  0.97  
12.56  1.00  1.01  0.99  
12.58  0.98  1.02  0.98  
12.60  1.00  1.02  0.99  
12.62  0.98  1.01  0.99  
12.64  1.01  1.00  0.99  
12.66  0.97  1.02  0.98  
12.68  1.00  1.01  0.99  
12.70  0.98  1.01  0.98  
12.72  0.99  0.99  1.00  
12.74  1.00  1.01  0.99  
12.76  0.97  0.99  1.00  
12.78  0.97  1.00  1.00  
12.80  0.98  1.00  1.01  
12.82  0.99  0.99  1.01  
12.84  0.99  1.00  1.01  
12.86  1.00  1.00  1.00  
12.88  0.96  1.00  1.01  
12.90  1.01  0.99  1.02  
12.92  1.01  0.99  1.00  
12.94  0.99  0.99  0.99  
12.96  1.00  1.00  1.00  
12.98  1.00  0.99  1.00  
13.00  0.99  0.99  1.01  
13.02  1.01  1.00  1.02  
13.04  0.99  0.99  1.00  
13.06  0.99  0.97  1.02  
13.08  0.97  0.98  1.01  
13.10  0.99  0.99  1.02  
13.12  0.99  0.98  1.02  
13.14  1.01  0.98  1.01  
13.16  0.98  0.98  1.01  
13.18  0.99  0.99  1.01  
13.20  1.01  0.99  1.01  
13.22  0.99  0.99  1.02  
13.24  1.01  0.98  1.02  
13.26  1.00  0.98  1.01  
13.28  0.99  0.99  1.01  
13.30  1.00  0.97  1.02  
13.32  0.99  0.99  1.01  
13.34  1.00  0.98  1.02  
13.36  1.00  0.98  1.01  
13.38  0.99  0.98  1.01  
13.40  1.00  0.98  1.02  
13.42  1.02  1.00  1.01  
13.44  1.03  0.98  1.02  
13.46  1.01  0.98  1.01  
13.48  1.02  0.99  1.01  
13.50  1.00  0.99  1.01  
13.52  1.02  0.99  1.01  
13.54  1.00  0.98  1.00  
13.56  1.01  0.99  1.00  
13.58  1.03  0.98  1.01  
13.60  1.03  0.99  1.00  
13.62  1.00  0.98  1.00  
13.64  1.00  0.99  1.00  
13.66  1.00  0.99  1.02  
13.68  1.00  0.99  1.01  
13.70  1.01  1.00  1.01  
13.72  1.01  0.99  1.01  
13.74  1.01  1.00  1.01  
13.76  0.98  0.98  1.00  
13.78  1.02  0.99  0.99  
13.80  1.00  0.99  1.00  
13.82  1.02  0.99  0.99  
13.84  0.99  0.99  1.02  
13.86  0.99  0.98  1.00  
13.88  0.99  0.99  0.99  
13.90  1.02  1.00  0.99  
13.92  1.00  1.00  0.99  
13.94  0.99  1.00  1.00  
13.96  1.01  1.00  1.00  
13.98  0.99  1.01  0.99  
14.00  1.02  1.00  0.99  
14.02  1.00  1.00  0.98  
14.04  1.00  1.00  1.00  
14.06  0.99  1.01  0.99  
14.08  1.01  1.00  0.98  
14.10  0.99  1.01  0.99  
14.12  0.99  1.01  0.98  
14.14  1.00  1.01  0.99  
14.16  1.01  1.01  0.99  
14.18  1.01  1.01  0.98  
14.20  0.95  1.00  0.97  
14.22  0.98  1.00  0.99  
14.24  0.98  1.01  0.98  
14.26  0.98  1.00  0.98  
14.28  1.01  1.00  0.99  
14.30  0.98  1.00  0.98  
14.32  0.98  1.01  0.98  
14.34  1.00  1.01  0.98  
14.36  0.99  1.00  0.98  
14.38  1.00  1.01  0.98  
14.40  0.99  1.00  0.98  
14.42  1.02  1.00  0.98  
14.44  0.99  1.01  0.98  
14.46  0.97  1.01  1.00  
14.48  0.95  1.01  0.98  
14.50  0.96  1.00  0.98  
14.52  0.99  1.01  0.99  
14.54  1.00  1.01  0.98  
14.56  0.99  1.01  0.99  
14.58  0.97  1.00  0.99  
14.60  1.02  1.00  0.99  
14.62  1.02  1.01  0.99  
14.64  0.98  1.00  0.98  
14.66  0.99  1.00  0.99  
14.68  0.99  1.01  0.99  
14.70  1.00  1.00  1.00  
14.72  0.99  1.00  0.99  
14.74  0.99  1.00  0.99  
14.76  1.00  1.01  0.99  
14.78  1.00  1.00  1.00  
14.80  0.99  1.01  1.00  
14.82  1.01  1.00  0.98  
14.84  1.00  1.00  0.99  
14.86  0.98  1.01  0.99  
14.88  0.98  1.00  1.00  
14.90  0.99  1.00  1.00  
14.92  0.99  1.00  1.00  
14.94  0.99  1.00  1.01  
14.96  1.01  0.99  1.01  
14.98  0.99  1.00  0.99  
15.00  0.99  1.01  1.00  
15.02  0.99  0.99  1.02  
15.04  0.98  0.99  1.01  
15.06  0.98  1.00  1.01  
15.08  1.00  1.00  1.00  
15.10  1.00  1.00  0.99  
15.12  1.00  0.99  1.01  
15.14  1.02  0.99  1.01  
15.16  1.01  0.99  1.02  
15.18  0.98  0.99  1.01  
15.20  1.00  0.99  1.01  
15.22  1.00  0.98  1.01  
15.24  1.01  0.99  1.00  
15.26  0.98  1.00  1.00  
15.28  1.01  1.00  1.01  
15.30  1.02  1.00  1.02  
15.32  0.98  1.00  1.01  
15.34  1.00  0.99  1.01  
15.36  1.01  0.99  1.01  
15.38  0.99  1.00  1.00  
15.40  1.01  0.98  1.01  
15.42  1.01  1.00  1.01  
15.44  1.00  0.99  1.00  
15.46  1.01  0.99  1.00  
15.48  1.00  0.99  1.00  
15.50  1.01  0.98  1.00  
15.52  1.00  1.00  1.01  
15.54  1.01  0.98  1.00  
15.56  1.01  0.99  1.01  
15.58  1.00  0.99  1.00  
15.60  1.01  0.99  1.00  
15.62  1.00  1.00  1.01  
15.64  1.00  0.98  1.01  
15.66  1.01  1.00  1.01  
15.68  0.99  0.99  1.01  
15.70  1.00  0.99  0.99  
15.72  1.00  0.99  1.00  
15.74  1.02  0.99  1.01  
15.76  1.02  1.00  1.00  
15.78  1.01  0.99  1.00  
15.80  1.02  0.99  0.99  
15.82  1.00  0.99  1.00  
15.84  1.01  0.99  1.00  
15.86  0.98  1.00  1.00  
15.88  0.99  1.00  0.99  
15.90  0.99  1.00  1.00  
15.92  1.01  0.99  1.00  
15.94  1.00  0.99  1.00  
15.96  0.97  0.99  0.99  
15.98  1.01  0.99  1.00  
16.00  1.00  1.00  0.98  
16.02  0.98  1.00  1.00  
16.04  0.99  0.99  1.01  
16.06  1.01  1.00  1.00  
16.08  1.00  1.00  1.00  
16.10  0.98  1.00  0.99  
16.12  0.99  0.99  0.99  
16.14  1.01  0.99  1.00  
16.16  0.99  0.99  1.00  
16.18  0.99  0.99  0.99  
16.20  0.98  1.00  0.99  
16.22  1.02  1.01  0.99  
16.24  1.00  0.99  1.00  
16.26  1.00  1.00  0.99  
16.28  1.00  1.01  0.99  
16.30  1.00  1.01  0.98  
16.32  1.00  0.99  0.99  
16.34  0.98  1.01  1.00  
16.36  1.00  1.01  0.99  
16.38  1.01  1.00  0.98  
16.40  0.99  1.00  0.99  
16.42  0.99  1.00  0.99  
16.44  1.00  1.01  0.99  
16.46  0.98  1.00  0.99  
16.48  0.99  1.00  1.00  
16.50  1.00  1.00  0.99  
16.52  1.01  1.00  0.99  
16.54  0.99  1.00  0.99  
16.56  0.99  1.01  0.98  
16.58  0.99  1.02  0.99  
16.60  1.00  1.01  1.00  
16.62  1.00  1.00  0.99  
16.64  0.99  1.01  1.00  
16.66  0.97  1.01  0.99  
16.68  0.99  1.00  0.99  
16.70  0.99  1.01  0.99  
16.72  1.00  1.00  1.00  
16.74  0.99  1.00  0.99  
16.76  0.99  1.00  1.00  
16.78  0.99  1.01  0.99  
16.80  0.99  1.00  0.99  
16.82  1.00  1.01  1.00  
16.84  0.98  1.00  0.99  
16.86  0.99  1.00  0.99  
16.88  0.99  1.00  1.01  
16.90  0.98  0.99  0.99  
16.92  1.00  1.00  0.99  
16.94  1.00  1.00  1.00  
16.96  1.01  1.00  1.00  
16.98  1.00  1.01  1.00  
17.00  0.99  1.00  1.00  
17.02  1.01  0.99  1.00  
17.04  0.99  1.00  1.00  
17.06  0.99  1.00  1.00  
17.08  1.01  1.00  1.00  
17.10  0.99  1.01  0.99  
17.12  1.01  1.00  0.99  
17.14  0.99  0.99  1.01  
17.16  1.00  1.00  1.00  
17.18  0.99  1.00  1.00  
17.20  0.99  1.00  1.01  
17.22  0.98  1.00  1.01  
17.24  1.00  0.99  1.00  
17.26  1.00  1.00  1.00  
17.28  1.00  0.99  1.01  
17.30  1.00  0.99  1.00  
17.32  0.99  0.99  1.00  
17.34  0.98  1.00  1.00  
17.36  1.00  0.98  1.00  
17.38  0.99  1.00  1.00  
17.40  1.01  0.99  1.00  
17.42  1.01  0.99  1.01  
17.44  1.01  1.00  1.01  
17.46  0.99  1.00  1.01  
17.48  1.00  0.99  1.00  
17.50  1.00  1.00  1.00  
17.52  1.01  0.99  1.00  
17.54  1.00  0.99  1.01  
17.56  1.00  0.99  1.00  
17.58  1.01  0.99  1.00  
17.60  1.00  1.00  1.00  
17.62  0.99  0.99  1.01  
17.64  1.00  0.99  1.00  
17.66  0.98  0.99  1.01  
17.68  1.01  0.99  1.01  
17.70  1.01  1.00  1.01  
17.72  1.02  0.99  1.00  
17.74  1.00  0.99  1.01  
17.76  1.00  1.00  1.00  
17.78  1.01  0.99  1.00  
17.80  1.00  0.99  1.00  
17.82  1.00  0.99  1.00  
17.84  1.01  0.99  1.00  
17.86  1.00  1.00  1.00  
17.88  0.99  1.00  1.00  
17.90  0.99  1.00  1.00  
17.92  0.99  1.00  0.99  
17.94  1.01  0.99  1.00  
17.96  1.00  1.00  1.00  
17.98  1.00  1.00  1.00  
18.00  0.99  1.00  1.00  
18.02  1.01  1.00  0.99  
18.04  1.00  0.99  1.00  
18.06  1.00  0.99  1.00  
18.08  1.00  1.00  1.00  
18.10  1.02  0.99  1.00  
18.12  1.00  1.00  1.00  
18.14  0.99  1.00  0.99  
18.16  1.00  1.00  0.99  
18.18  1.01  0.99  0.99  
18.20  1.01  0.99  0.98  
18.22  0.99  0.99  0.99  
18.24  1.00  1.00  0.99  
18.26  1.00  0.99  1.00  
18.28  1.01  1.00  0.99  
18.30  0.99  1.00  0.99  
18.32  0.99  1.00  1.01  
18.34  1.01  1.00  0.99  
18.36  0.99  1.00  0.99  
18.38  1.01  1.00  1.00  
18.40  1.00  1.01  0.99  
18.42  0.99  1.00  1.00  
18.44  1.01  1.00  0.99  
18.46  1.00  1.00  0.99  
18.48  0.98  1.00  0.99  
18.50  0.99  1.00  0.99  
18.52  0.98  1.00  1.00  
18.54  1.01  1.00  0.98  
18.56  1.00  1.00  0.99  
18.58  1.01  1.01  1.00  
18.60  1.00  1.00  1.00  
18.62  0.98  1.01  0.99  
18.64  1.00  1.00  1.00  
18.66  0.98  1.00  1.00  
18.68  0.99  1.00  0.99  
18.70  0.99  1.00  1.00  
18.72  0.99  1.00  0.98  
18.74  1.00  1.00  1.00  
18.76  1.00  1.00  0.99  
18.78  0.99  1.00  1.00  
18.80  0.99  1.00  1.00  
18.82  1.00  1.00  1.00  
18.84  1.00  1.00  0.99  
18.86  1.00  1.00  1.00  
18.88  1.01  1.00  0.99  
18.90  1.00  1.00  0.99  
18.92  1.00  1.01  1.00  
18.94  1.01  1.00  1.00  
18.96  0.99  1.01  1.00  
18.98  0.99  1.00  1.01  
19.00  0.99  1.00  0.99  
19.02  1.00  0.99  1.00  
19.04  0.99  1.00  1.00  
19.06  0.99  1.01  0.99  
19.08  0.99  1.00  1.00  
19.10  0.98  0.99  1.01  
19.12  0.99  1.00  0.99  
19.14  1.00  1.01  1.01  
19.16  1.01  1.00  1.00  
19.18  1.00  0.99  1.00  
19.20  0.97  0.99  1.00  
19.22  1.00  1.00  1.00  
19.24  0.99  1.00  1.00  
19.26  1.01  1.00  1.00  
19.28  0.99  0.99  1.00  
19.30  1.00  1.00  1.00  
19.32  1.00  0.99  1.00  
19.34  1.00  0.99  0.99  
19.36  0.98  1.00  1.00  
19.38  0.99  1.00  0.99  
19.40  1.00  0.99  1.01  
19.42  1.00  0.99  1.00  
19.44  1.01  0.99  1.00  
19.46  1.00  1.00  1.00  
19.48  1.00  1.00  1.00  
19.50  0.99  0.99  1.01  
19.52  1.00  1.00  1.00  
19.54  1.00  0.99  1.00  
19.56  1.00  1.00  1.00  
19.58  1.00  1.00  1.00  
19.60  1.00  1.00  1.00  
19.62  1.00  1.00  0.99  
19.64  1.00  0.99  1.01  
19.66  1.00  1.00  1.00  
19.68  1.02  1.00  1.00  
19.70  1.00  0.99  1.01  
19.72  1.00  1.00  1.01  
19.74  1.02  1.00  1.01  
19.76  0.99  1.00  1.00  
19.78  1.01  0.99  1.00  
19.80  0.98  1.00  1.00  
19.82  0.99  1.00  1.00  
19.84  1.00  1.00  1.00  
19.86  0.99  1.00  1.00  
19.88  1.00  0.99  1.00  
19.90  1.01  1.00  1.00  
19.92  1.00  0.99  1.00  
19.94  0.99  0.99  1.00  
19.96  1.01  1.00  1.00  
19.98  1.00  0.99  1.00  
20.00  1.01  0.99  0.99  
20.02  0.99  0.99  1.00  
20.04  1.01  1.00  1.00  
20.06  0.99  1.00  1.00  
20.08  1.00  1.00  1.00  
20.10  1.02  1.00  1.00  
20.12  1.01  1.00  1.01  
20.14  0.99  0.99  0.99  
20.16  1.00  1.00  0.99  
20.18  1.01  1.00  1.00  
20.20  1.01  1.00  1.00  
20.22  1.00  0.99  1.00  
20.24  0.99  1.00  1.00  
20.26  1.00  0.99  1.00  
20.28  1.00  1.00  0.99  
20.30  1.00  0.99  1.00  
20.32  1.02  1.00  1.00  
20.34  1.00  1.00  1.00  
20.36  1.01  0.99  0.99  
20.38  1.00  1.00  0.99  
20.40  1.00  0.99  1.00  
20.42  0.99  1.00  0.99  
20.44  0.99  1.00  1.00  
20.46  1.00  1.00  0.99  
20.48  1.01  1.00  1.00  
20.50  1.00  0.99  1.00  
20.52  1.01  1.00  1.00  
20.54  1.00  1.00  1.00  
20.56  1.00  1.00  1.00  
20.58  0.99  1.00  1.00  
20.60  1.00  1.00  1.00  
20.62  1.00  1.01  0.99  
20.64  1.01  1.00  1.00  
20.66  1.00  1.01  1.00  
20.68  0.98  1.00  1.00  
20.70  1.00  1.00  1.00  
20.72  0.99  1.00  1.00  
20.74  0.99  1.00  0.99  
20.76  1.00  1.00  0.99  
20.78  1.01  1.00  1.00  
20.80  1.00  1.00  1.00  
20.82  1.01  0.99  1.00  
20.84  1.00  1.00  1.00  
20.86  1.01  0.99  0.99  
20.88  1.00  1.00  0.99  
20.90  0.99  0.99  1.00  
20.92  0.98  1.00  1.00  
20.94  1.01  1.00  0.99  
20.96  1.00  1.00  1.00  
20.98  0.98  1.00  1.00  
21.00  0.99  0.99  0.99  
21.02  1.00  1.00  0.99  
21.04  1.00  1.00  0.99  
21.06  0.99  1.00  1.00  
21.08  0.99  1.00  1.00  
21.10  1.00  1.00  1.00  
21.12  1.00  1.01  1.00  
21.14  0.98  1.00  0.99  
21.16  0.99  1.00  1.00  
21.18  1.00  1.00  1.01  
21.20  0.98  1.00  0.99  
21.22  1.01  1.00  1.00  
21.24  0.99  0.99  1.00  
21.26  1.00  0.99  1.00  
21.28  1.00  0.99  1.00  
21.30  0.98  1.00  0.99  
21.32  0.99  1.00  1.00  
21.34  0.98  1.00  1.00  
21.36  1.00  1.00  1.00  
21.38  0.99  1.00  1.00  
21.40  1.00  1.00  1.00  
21.42  1.00  1.00  1.01  
21.44  1.00  1.00  1.01  
21.46  0.99  1.00  1.00  
21.48  0.99  1.00  1.00  
21.50  0.98  1.00  1.00  
21.52  0.99  1.00  1.00  
21.54  1.01  0.99  1.00  
21.56  0.99  1.00  1.00  
21.58  1.00  1.00  1.00  
21.60  0.99  1.00  1.00  
21.62  0.98  1.00  1.00  
21.64  0.98  1.00  1.00  
21.66  1.00  1.00  0.99  
21.68  1.01  1.00  1.00  
21.70  1.00  1.00  1.00  
21.72  0.98  0.99  1.00  
21.74  0.99  1.00  1.00  
21.76  1.00  0.99  1.00  
21.78  0.99  1.00  1.00  
21.80  1.01  1.00  1.01  
21.82  1.01  0.99  1.00  
21.84  1.00  0.99  1.00  
21.86  1.01  1.00  1.00  
21.88  0.99  0.99  1.00  
21.90  1.00  1.00  1.00  
21.92  1.00  1.00  1.00  
21.94  1.01  1.00  1.00  
21.96  1.01  1.00  1.00  
21.98  0.99  0.99  1.00  
22.00  1.01  1.00  0.99  
22.02  1.00  1.00  1.01  
22.04  1.00  1.00  0.99  
22.06  1.01  1.00  1.00  
22.08  1.01  1.00  0.99  
22.10  0.99  0.99  1.00  
22.12  1.01  1.00  1.00  
22.14  1.00  0.99  0.99  
22.16  1.00  1.00  1.00  
22.18  1.00  1.00  1.01  
22.20  1.01  1.00  1.01  
22.22  1.01  0.99  1.00  
22.24  1.01  0.99  1.00  
22.26  1.00  0.99  1.00  
22.28  0.99  1.00  0.99  
22.30  0.99  1.00  1.00  
22.32  0.99  0.99  1.00  
22.34  1.00  0.99  1.00  
22.36  1.01  0.99  1.00  
22.38  1.00  0.99  1.00  
22.40  1.00  1.00  1.00  
22.42  1.00  1.00  0.99  
22.44  1.00  1.00  1.00  
22.46  1.00  1.00  1.00  
22.48  0.99  0.99  1.00  
22.50  0.99  1.00  0.99  
22.52  1.01  1.00  1.00  
22.54  1.00  1.00  0.99  
22.56  1.01  1.00  1.00  
22.58  1.00  1.00  1.00  
22.60  0.99  1.00  0.99  
22.62  1.01  1.00  1.00  
22.64  0.98  1.00  0.99  
22.66  1.00  1.00  1.00  
22.68  1.00  1.00  1.00  
22.70  1.00  0.99  1.00  
22.72  0.99  1.00  0.98  
22.74  1.00  1.00  0.99  
22.76  1.00  1.01  1.00  
22.78  1.01  1.00  1.00  
22.80  1.01  1.00  1.00  
22.82  1.00  1.00  1.00  
22.84  1.00  1.01  1.00  
22.86  1.00  1.00  1.00  
22.88  1.00  1.00  0.99  
22.90  1.00  1.00  1.00  
22.92  1.00  1.00  1.00  
22.94  1.00  1.00  0.99  
22.96  0.99  1.01  1.00  
22.98  1.00  1.00  1.00  
23.00  1.00  1.00  0.99  
23.02  1.01  1.00  1.00  
23.04  1.00  1.01  1.00  
23.06  1.00  0.99  1.00  
23.08  1.00  1.00  1.00  
23.10  1.00  1.00  1.00  
23.12  1.00  1.00  1.00  
23.14  0.99  1.00  1.00  
23.16  0.99  1.00  1.00  
23.18  1.01  0.99  1.00  
23.20  0.99  1.00  1.00  
23.22  1.00  1.00  1.00  
23.24  0.99  0.99  1.00  
23.26  1.00  1.00  1.00  
23.28  1.01  1.00  1.00  
23.30  1.00  1.00  0.99  
23.32  1.00  1.00  1.00  
23.34  1.00  1.00  1.00  
23.36  1.01  1.00  1.00  
23.38  1.00  1.00  1.00  
23.40  1.00  1.00  1.00  
23.42  1.01  1.00  0.99  
23.44  1.01  1.00  1.00  
23.46  1.00  1.00  1.00  
23.48  1.00  1.00  1.00  
23.50  0.99  1.00  1.00  
23.52  0.99  1.00  1.00  
23.54  0.99  1.00  0.99  
23.56  0.99  0.99  1.00  
23.58  1.00  1.00  1.00  
23.60  1.00  1.00  1.00  
23.62  1.01  1.00  1.00  
23.64  1.00  1.00  1.00  
23.66  1.00  1.00  0.99  
23.68  1.01  1.00  1.01  
23.70  0.99  1.00  1.01  
23.72  0.98  1.00  1.00  
23.74  1.01  1.00  1.00  
23.76  1.00  0.99  1.00  
23.78  0.99  1.00  1.00  
23.80  1.00  1.00  1.00  
23.82  0.99  1.00  0.99  
23.84  1.00  1.00  0.99  
23.86  1.00  0.99  1.00  
23.88  1.00  1.00  1.00  
23.90  1.00  1.00  0.99  
23.92  1.00  1.00  0.99  
23.94  1.00  0.99  1.00  
23.96  0.99  1.00  1.00  
23.98  0.99  1.00  1.01  
24.00  0.50  0.50  0.50  
