     1        31.762        47.170      24.748      1       6 
     2        42.120        49.561      23.983      1       6 
     3        48.532        44.357      14.633      1       6 
     4        38.807        46.894      23.680      1       6 
     5        45.328        46.370      16.689      1       6 
     6        47.718        44.411      17.795      1       6 
     7        37.781        43.958      24.260      1       6 
     8        32.727        45.349      19.786      1       6 
     9        41.230        51.072      29.156      1       6 
    10        43.538        44.164      19.414      1       6 
    11        42.247        46.503      20.099      1       6 
    12        35.045        45.162      25.414      1       6 
    13        29.950        52.521      34.582      1       6 
    14        31.027        50.803      30.520      1       6 
    15        29.576        50.474      33.208      1       6 
    16        43.394        47.904      17.731      1       6 
    17        41.741        49.616      26.683      1       6 
    18        38.465        48.821      25.206      1       6 
    19        39.256        47.005      20.735      1       6 
    20        44.538        49.549      26.591      1       6 
    21        30.959        50.486      27.712      1       6 
    22        26.432        49.579      29.071      1       6 
    23        39.098        41.886      19.618      1       6 
    24        42.200        49.481      15.644      1       6 
    25        34.912        44.650      22.435      1       6 
    26        40.382        46.664      14.626      1       6 
    27        32.215        49.543      34.789      1       6 
    28        39.617        42.071      22.219      1       6 
    29        32.453        44.216      25.431      1       6 
    30        38.097        43.869      16.591      1       6 
    31        28.396        51.200      29.271      1       6 
    32        28.928        48.563      25.783      1       6 
    33        37.469        48.387      16.034      1       6 
    34        40.374        48.672      17.109      1       6 
    35        45.737        49.144      27.818      2       6 
    36        29.635        51.651      30.444      2       6 
    37        38.369        41.170      22.837      2       6 
    38        31.661        43.387      24.503      2       6 
    39        31.618        46.115      18.857      2       6 
    40        42.688        47.066      21.485      2       6 
    41        33.889        48.440      35.464      2       6 
    42        31.286        52.298      26.878      2       6 
    43        41.785        45.286      18.229      2       6 
    44        40.026        47.309      17.991      2       6 
    45        37.566        41.157      20.572      2       6 
    46        41.187        43.174      21.932      2       6 
    47        43.209        49.767      27.529      2       6 
    48        41.793        50.284      14.210      2       6 
    49        42.961        43.349      17.925      2       6 
    50        30.774        48.226      24.770      2       6 
    51        42.079        44.443      20.476      2       6 
    52        28.494        51.176      34.646      2       6 
    53        38.388        48.904      17.175      2       6 
    54        32.934        45.639      25.610      2       6 
    55        30.845        50.687      34.121      2       6 
    56        33.603        46.542      20.331      2       6 
    57        42.176        46.365      13.636      2       6 
    58        39.128        43.000      20.849      2       6 
    59        44.663        51.102      25.281      2       6 
    60        47.693        44.572      16.078      2       6 
    61        47.671        43.174      13.858      2       6 
    62        38.025        46.899      19.463      2       6 
    63        29.312        53.037      36.006      2       6 
    64        40.035        50.477      30.555      2       6 
    65        33.968        44.176      24.818      2       6 
    66        39.759        48.316      20.948      2       6 
    67        32.958        44.598      18.297      2       6 
    68        29.302        48.910      34.044      2       6 
    69        38.436        45.467      23.883      2       6 
    70        49.477        42.777      15.597      2       6 
    71        31.216        45.812      21.016      2       6 
    72        38.325        44.117      14.859      2       6 
    73        29.551        51.090      28.060      2       6 
    74        30.551        49.767      29.224      2       6 
    75        34.948        45.048      26.888      2       6 
    76        41.294        52.382      30.561      2       6 
    77        35.275        45.658      23.795      2       6 
    78        29.441        52.087      32.771      2       6 
    79        25.518        50.243      30.364      2       6 
    80        39.239        47.198      25.270      2       6 
    81        43.803        48.568      23.112      2       6 
    82        27.704        49.435      25.959      2       6 
    83        42.390        51.971      28.492      2       6 
    84        41.295        49.861      22.662      2       6 
    85        40.042        49.641      18.683      2       6 
    86        30.974        45.795      25.036      2       6 
    87        43.067        42.157      19.706      2       6 
    88        30.165        49.884      31.780      2       6 
    89        40.089        40.852      20.986      2       6 
    90        41.623        48.059      23.727      2       6 
    91        38.911        43.441      22.917      2       6 
    92        25.465        48.224      29.730      2       6 
    93        40.724        42.704      19.389      2       6 
    94        26.759        48.274      28.176      2       6 
    95        39.508        49.855      26.213      2       6 
    96        30.333        48.746      27.164      2       6 
    97        27.928        50.551      32.411      2       6 
    98        47.719        43.536      19.354      2       6 
    99        41.323        48.094      14.682      2       6 
   100        49.789        44.592      13.826      2       6 
   101        44.359        47.983      16.204      2       6 
   102        41.733        51.288      26.462      2       6 
   103        44.847        43.523      19.148      2       6 
   104        32.944        49.421      33.379      2       6 
   105        38.822        43.506      25.619      2       6 
   106        37.798        48.138      26.512      2       6 
   107        36.646        44.269      22.619      2       6 
   108        37.257        42.582      24.338      2       6 
   109        36.955        47.605      24.526      2       6 
   110        43.643        45.990      16.909      2       6 
   111        28.528        52.899      28.449      2       6 
   112        32.343        49.859      30.895      2       6 
   113        47.400        45.280      13.371      2       6 
   114        48.523        45.803      17.838      2       6 
   115        43.511        48.852      14.426      2       6 
   116        27.174        52.308      30.056      2       6 
   117        27.167        50.885      28.259      2       6 
   118        29.836        50.351      24.841      2       6 
   119        36.787        47.757      14.472      2       6 
   120        39.645        43.718      16.503      2       6 
   121        28.110        49.528      29.780      2       6 
   122        29.296        54.020      34.152      2       6 
   123        35.066        46.748      26.077      2       6 
   124        36.583        47.139      17.309      2       6 
   125        42.514        47.574      18.933      2       6 
   126        40.313        50.045      15.842      2       6 
   127        37.038        50.138      24.712      2       6 
   128        32.963        42.916      26.328      2       6 
   129        44.137        49.084      18.524      2       6 
   130        38.381        45.346      17.486      2       6 
   131        45.568        51.306      27.067      2       6 
   132        40.706        49.981      27.983      2       6 
   133        32.196        43.618      20.143      2       6 
   134        34.631        42.696      22.118      2       6 
   135        31.345        49.344      36.319      2       6 
   136        45.760        45.828      15.314      2       6 
   137        46.638        42.790      17.503      2       6 
   138        39.292        47.631      15.619      2       6 
   139        37.739        47.200      22.435      2       6 
   140        34.262        44.501      20.538      2       6 
   141        39.254        40.758      18.422      2       6 
   142        41.999        48.533      16.861      2       6 
   143        32.527        47.439      26.359      2       6 
   144        36.550        44.379      16.245      2       6 
   145        40.712        46.208      20.512      2       6 
   146        31.826        51.834      28.937      2       6 
   147        24.831        49.657      28.109      2       6 
   148        33.547        51.007      34.762      2       6 
   149        37.871        43.243      18.468      2       6 
   150        32.033        50.075      26.425      2       6 
   151        41.263        48.036      26.328      2       6 
   152        35.788        46.430      21.536      2       6 
   153        39.497        46.770      13.386      2       6 
   154        33.149        44.890      22.281      2       6 
   155        31.530        53.062      34.107      2       6 
   156        44.071        43.915      21.378      2       6 
   157        43.176        50.645      16.353      2       6 
   158        36.769        44.327      25.407      2       6 
   159        40.007        51.877      28.437      2       6 
   160        48.683        46.271      14.749      2       6 
   161        40.920        50.478      24.655      2       6 
   162        41.096        45.845      16.244      2       6 
   163        38.918        45.174      21.276      2       6 
   164        40.197        46.605      22.692      2       6 
   165        31.373        44.195      26.990      2       6 
   166        32.861        46.824      23.380      2       6 
   167        30.657        47.066      22.867      2       6 
   168        28.860        48.332      24.210      2       6 
   169        44.965        47.085      18.284      2       6 
   170        42.380        50.011      29.703      2       6 
   171        38.079        41.942      16.134      2       6 
   172        35.917        49.047      16.192      2       6 
   173        46.310        45.061      18.097      2       6 
   174        49.518        43.050      18.116      2       6 
   175        45.446        48.416      25.417      2       6 
   176        31.573        48.258      34.586      2       6 
   177        42.958        50.875      23.345      2       6 
   178        31.700        52.226      31.232      2       6 
   179        43.822        45.693      19.764      2       6 
   180        46.692        47.482      16.555      2       6 
   181        40.758        44.558      14.281      2       6 
   182        28.298        47.103      26.092      2       6 
   183        37.912        49.647      14.834      2       6 
   184        38.953        48.602      23.713      2       6 
   185        40.620        41.267      23.555      2       6 
   186        43.132        49.266      25.337      2       6 
