    2.00     0.00     0.00     0.00     0.00     0.00     0.00
    4.00     0.00     0.00     0.00     0.00     0.00     0.00
    6.00     0.00     0.00     2.00     0.00     0.00     0.00
    8.00     0.00     0.00     0.00     0.00     0.00     0.00
   10.00     0.00     0.00     0.00     0.00     0.00     1.00
   12.00     0.00     0.00     0.00     0.00     2.00     1.00
   14.00     0.00     0.00     0.00     1.00     2.00     1.00
   16.00     0.00     1.00     3.00     0.00     3.00     4.00
   18.00     0.00     1.00     1.00     0.00     1.00     3.00
   20.00     0.00     2.00     3.00     0.00     3.00     2.00
   22.00     1.00     4.00     5.00     0.00     3.00     1.00
   24.00     0.00     3.00     3.00     0.00     3.00     1.00
   26.00     1.00     2.00     4.00     0.00     0.00     0.00
   28.00     1.00     0.00     2.00     0.00     3.00     1.00
   30.00     2.00     3.00     1.00     0.00     0.00     3.00
   32.00     1.00     1.00     7.00     0.00     2.00     1.00
   34.00     0.00     1.00     2.00     0.00     2.00     0.00
   36.00     1.00     0.00     3.00     1.00     0.00     0.00
   38.00     0.00     2.00     5.00     0.00     4.00     0.00
   40.00     1.00     5.00     4.00     1.00     2.00     3.00
   42.00     0.00     7.00     8.00     0.00     3.00     2.00
   44.00     2.00     7.00     5.00     2.00     3.00     2.00
   46.00     1.00     5.00     5.00     1.00     2.00     0.00
   48.00     1.00     2.00     9.00     1.00     6.00     1.00
   50.00     1.00     8.00     6.00     0.00     2.00     0.00
   52.00     4.00     5.00     5.00     0.00     6.00     1.00
   54.00     5.00     5.00     8.00     0.00     6.00     3.00
   56.00     2.00     6.00     7.00     1.00     4.00     3.00
   58.00     1.00    15.00     5.00     1.00     6.00     2.00
   60.00     1.00    11.00    24.00     3.00     4.00     2.00
   62.00     1.00    16.00    22.00     1.00     4.00     1.00
   64.00     4.00    25.00    34.00     1.00    12.00     4.00
   66.00     5.00    50.00    62.00     1.00    10.00    10.00
   68.00     7.00    54.00   100.00     0.00     6.00     1.00
   70.00    11.00    97.00   123.00     3.00     2.00     3.00
   72.00    14.00   135.00   158.00     0.00     8.00     9.00
   74.00    20.00   175.00   201.00     3.00     6.00     8.00
   76.00    25.00   220.00   253.00     0.00     9.00     7.00
   78.00    19.00   246.00   299.00     2.00    17.00     6.00
   80.00    30.00   331.00   342.00     6.00    23.00    10.00
   82.00    40.00   352.00   380.00     1.00    47.00    15.00
   84.00    51.00   369.00   389.00     6.00    64.00    17.00
   86.00    62.00   458.00   397.00     7.00    64.00    24.00
   88.00    45.00   435.00   406.00     5.00   104.00    25.00
   90.00    81.00   410.00   378.00     6.00   107.00    21.00
   92.00    95.00   454.00   376.00    10.00   165.00    35.00
   94.00   101.00   479.00   368.00    14.00   174.00    35.00
   96.00   105.00   472.00   369.00    18.00   210.00    42.00
   98.00   146.00   441.00   327.00    12.00   198.00    22.00
  100.00   127.00   449.00   290.00    23.00   216.00    34.00
  102.00   149.00   388.00   280.00    23.00   232.00    24.00
  104.00   141.00   348.00   241.00    25.00   221.00    35.00
  106.00   147.00   335.00   210.00    16.00   219.00    21.00
  108.00   112.00   295.00   186.00    26.00   244.00    24.00
  110.00   137.00   282.00   149.00    29.00   224.00    19.00
  112.00   117.00   226.00   137.00    28.00   205.00    23.00
  114.00   118.00   234.00   106.00    35.00   229.00    23.00
  116.00   115.00   198.00   128.00    40.00   205.00    22.00
  118.00    92.00   160.00    61.00    29.00   237.00    22.00
  120.00    93.00   174.00    71.00    46.00   222.00    12.00
  122.00    83.00   148.00    87.00    52.00   222.00    26.00
  124.00    66.00   154.00    59.00    54.00   221.00    30.00
  126.00    55.00   137.00    46.00    62.00   235.00    23.00
  128.00    65.00   124.00    48.00    46.00   207.00    25.00
  130.00    50.00   121.00    61.00    56.00   217.00    13.00
  132.00    53.00   122.00    57.00    79.00   183.00    15.00
  134.00    42.00   112.00    28.00    63.00   192.00    19.00
  136.00    47.00   108.00    44.00    72.00   188.00    14.00
  138.00    34.00   103.00    43.00    66.00   162.00    23.00
  140.00    30.00    94.00    49.00    86.00   151.00    12.00
  142.00    22.00    97.00    57.00    84.00   123.00    16.00
  144.00    32.00   105.00    55.00    74.00   110.00     8.00
  146.00    22.00    89.00    59.00    83.00    85.00    12.00
  148.00     9.00    88.00    65.00    86.00    86.00     4.00
  150.00    18.00   115.00    83.00    76.00    77.00     7.00
  152.00    18.00    97.00    88.00    77.00    70.00     8.00
  154.00    11.00   109.00    91.00    67.00    67.00     7.00
  156.00    11.00   105.00    89.00    72.00    67.00     4.00
  158.00     6.00    83.00   107.00    79.00    48.00     2.00
  160.00     3.00    86.00   106.00    68.00    36.00     3.00
  162.00    10.00    97.00   125.00    49.00    41.00     4.00
  164.00     7.00    93.00    91.00    56.00    21.00     2.00
  166.00    10.00    92.00   116.00    49.00    21.00     6.00
  168.00     4.00    85.00   101.00    41.00    16.00     1.00
  170.00    10.00    71.00   108.00    29.00    16.00     2.00
  172.00     6.00    64.00    93.00    43.00    12.00     3.00
  174.00     6.00    66.00    74.00    30.00    11.00     2.00
  176.00     1.00    55.00    74.00    18.00     4.00     1.00
  178.00     0.00    36.00    44.00     9.00     7.00     1.00
  180.00     3.00    20.00    17.00     6.00     2.00     3.00
    0.02     0.00     0.00     0.00     0.00     0.00     0.00
    0.04     0.00     0.00     0.00     0.00     0.00     0.00
    0.06     0.00     0.00     0.00     0.00     0.00     0.00
    0.08     0.00     0.00     0.00     0.00     0.00     0.00
    0.10     0.00     0.00     0.00     0.00     0.00     0.00
    0.12     0.00     0.00     0.00     0.00     0.00     0.00
    0.14     0.00     0.00     0.00     0.00     0.00     0.00
    0.16     0.00     0.00     0.00     0.00     0.00     0.00
    0.18     0.00     0.00     0.00     0.00     0.00     0.00
    0.20     0.00     0.00     0.00     0.00     0.00     0.00
    0.22     0.00     0.00     0.00     0.00     0.00     0.00
    0.24     0.00     0.00     0.00     0.00     0.00     0.00
    0.26     0.00     0.00     0.00     0.00     0.00     0.00
    0.28     0.00     0.00     0.00     0.00     0.00     0.00
    0.30     0.00     0.00     0.00     0.00     0.00     0.00
    0.32     0.00     0.00     0.00     0.00     0.00     0.00
    0.34     0.00     0.00     0.00     0.00     0.00     0.00
    0.36     0.00     0.00     0.00     0.00     0.00     0.00
    0.38     0.00     0.00     0.00     0.00     0.00     0.00
    0.40     0.00     0.00     0.00     0.00     0.00     0.00
    0.42     0.00     0.00     0.00     0.00     0.00     0.00
    0.44     0.00     0.00     0.00     0.00     0.00     0.00
    0.46     0.00     0.00     0.00     0.00     0.00     0.00
    0.48     0.00     0.00     0.00     0.00     0.00     0.00
    0.50     0.00     0.00     0.00     0.00     0.00     0.00
    0.52     0.00     0.00     0.00     0.00     0.00     0.00
    0.54     0.00     0.00     0.00     0.00     0.00     0.00
    0.56     0.00     0.00     0.00     0.00     0.00     0.00
    0.58     0.00     0.00     0.00     0.00     0.00     0.00
    0.60     0.00     0.00     0.00     1.00     0.00     0.00
    0.62     1.00     0.00     0.00     1.00     0.00     0.00
    0.64     0.00     0.00     0.00     0.00     0.00     0.00
    0.66     0.00     0.00     0.00     0.00     0.00     0.00
    0.68     0.00     0.00     0.00     0.00     0.00     0.00
    0.70     1.00     1.00     0.00     2.00     0.00     0.00
    0.72     0.00     0.00     1.00     0.00     1.00     0.00
    0.74     1.00     0.00     0.00     1.00     0.00     0.00
    0.76     0.00     0.00     0.00     1.00     0.00     0.00
    0.78     0.00     0.00     0.00     0.00     0.00     0.00
    0.80     0.00     0.00     0.00     0.00     0.00     0.00
    0.82     0.00     0.00     0.00     0.00     0.00     0.00
    0.84     0.00     2.00     0.00     1.00     1.00     0.00
    0.86     0.00     0.00     1.00     0.00     1.00     0.00
    0.88     1.00     1.00     0.00     0.00     2.00     0.00
    0.90     0.00     0.00     0.00     0.00     0.00     0.00
    0.92     0.00     0.00     0.00     0.00     0.00     0.00
    0.94     0.00     1.00     0.00     1.00     0.00     0.00
    0.96     0.00     2.00     0.00     0.00     2.00     0.00
    0.98     1.00     1.00     0.00     0.00     1.00     0.00
    1.00     2.00     1.00     0.00     1.00     1.00     1.00
    1.02     2.00     0.00     0.00     0.00     2.00     0.00
    1.04     1.00     0.00     0.00     1.00     0.00     0.00
    1.06     0.00     1.00     0.00     1.00     0.00     0.00
    1.08     0.00     2.00     0.00     0.00     2.00     0.00
    1.10     0.00     0.00     0.00     0.00     0.00     0.00
    1.12     0.00     1.00     3.00     1.00     2.00     0.00
    1.14     0.00     0.00     0.00     0.00     0.00     0.00
    1.16     0.00     1.00     0.00     1.00     1.00     0.00
    1.18     0.00     1.00     0.00     0.00     1.00     0.00
    1.20     2.00     0.00     1.00     3.00     1.00     0.00
    1.22     2.00     0.00     1.00     0.00     2.00     1.00
    1.24     0.00     0.00     0.00     1.00     0.00     0.00
    1.26     0.00     0.00     1.00     1.00     1.00     0.00
    1.28     0.00     3.00     2.00     2.00     4.00     0.00
    1.30     1.00     1.00     1.00     2.00     2.00     0.00
    1.32     2.00     2.00     0.00     2.00     3.00     0.00
    1.34     3.00     1.00     0.00     2.00     4.00     0.00
    1.36     3.00     4.00     3.00     8.00     3.00     0.00
    1.38     7.00    10.00     2.00    11.00     8.00     0.00
    1.40    13.00     5.00     4.00    16.00     4.00     0.00
    1.42    17.00    23.00    10.00    37.00    11.00     1.00
    1.44    18.00    36.00     9.00    46.00    16.00     0.00
    1.46    34.00    59.00    16.00    84.00    30.00     2.00
    1.48    55.00    75.00    24.00    96.00    58.00     4.00
    1.50    78.00   116.00    44.00   143.00    89.00     6.00
    1.52    95.00   149.00    65.00   192.00   123.00     5.00
    1.54   115.00   185.00    74.00   226.00   145.00     6.00
    1.56   128.00   245.00    80.00   265.00   182.00     3.00
    1.58   138.00   258.00   107.00   277.00   225.00    11.00
    1.60   118.00   285.00   117.00   253.00   264.00    13.00
    1.62   131.00   305.00   142.00   297.00   277.00    14.00
    1.64   122.00   333.00   176.00   286.00   331.00    20.00
    1.66   107.00   306.00   171.00   258.00   322.00    15.00
    1.68   115.00   277.00   153.00   240.00   284.00    25.00
    1.70    79.00   255.00   185.00   201.00   311.00    15.00
    1.72    88.00   258.00   166.00   189.00   304.00    30.00
    1.74    81.00   208.00   155.00   158.00   271.00    22.00
    1.76    53.00   229.00   153.00   146.00   277.00    20.00
    1.78    48.00   216.00   130.00   127.00   267.00    16.00
    1.80    50.00   190.00   121.00    96.00   257.00    22.00
    1.82    34.00   169.00   126.00    89.00   226.00    20.00
    1.84    33.00   160.00    99.00    83.00   202.00    15.00
    1.86    21.00   123.00   128.00    53.00   208.00    21.00
    1.88    16.00   119.00   126.00    60.00   187.00    17.00
    1.90    13.00   105.00   102.00    57.00   156.00    19.00
    1.92    22.00    91.00    67.00    33.00   131.00    18.00
    1.94    17.00    89.00    83.00    45.00   142.00    14.00
    1.96    13.00    59.00    65.00    24.00   104.00    14.00
    1.98    12.00    71.00    61.00    21.00   116.00    11.00
    2.00     4.00    62.00    50.00    14.00   100.00     9.00
    2.02     8.00    44.00    46.00    14.00    73.00    16.00
    2.04     9.00    48.00    56.00    20.00    85.00    11.00
    2.06     9.00    45.00    50.00    12.00    80.00    16.00
    2.08     7.00    43.00    49.00    16.00    81.00    13.00
    2.10     5.00    43.00    50.00    11.00    73.00    14.00
    2.12     4.00    42.00    40.00    10.00    65.00    11.00
    2.14     6.00    26.00    42.00    11.00    59.00    11.00
    2.16     5.00    38.00    40.00    15.00    64.00    12.00
    2.18     2.00    35.00    49.00    10.00    69.00    11.00
    2.20     8.00    28.00    39.00     5.00    65.00    13.00
    2.22     7.00    33.00    45.00    13.00    61.00    16.00
    2.24     2.00    34.00    38.00     8.00    62.00    14.00
    2.26     5.00    29.00    29.00     8.00    51.00     8.00
    2.28     4.00    39.00    38.00     6.00    69.00    12.00
    2.30     1.00    16.00    18.00     4.00    32.00     4.00
    2.32     0.00     0.00     0.00     0.00     0.00     0.00
    2.34     0.00     0.00     0.00     0.00     0.00     0.00
    2.36     0.00     0.00     0.00     0.00     0.00     0.00
    2.38     0.00     0.00     0.00     0.00     0.00     0.00
    2.40     0.00     0.00     0.00     0.00     0.00     0.00
    2.42     0.00     0.00     0.00     0.00     0.00     0.00
    2.44     0.00     0.00     0.00     0.00     0.00     0.00
    2.46     0.00     0.00     0.00     0.00     0.00     0.00
    2.48     0.00     0.00     0.00     0.00     0.00     0.00
    2.50     0.00     0.00     0.00     0.00     0.00     0.00
    2.52     0.00     0.00     0.00     0.00     0.00     0.00
    2.54     0.00     0.00     0.00     0.00     0.00     0.00
    2.56     0.00     0.00     0.00     0.00     0.00     0.00
    2.58     0.00     0.00     0.00     0.00     0.00     0.00
    2.60     0.00     0.00     0.00     0.00     0.00     0.00
    2.62     0.00     0.00     0.00     0.00     0.00     0.00
    2.64     0.00     0.00     0.00     0.00     0.00     0.00
    2.66     0.00     0.00     0.00     0.00     0.00     0.00
    2.68     0.00     0.00     0.00     0.00     0.00     0.00
    2.70     0.00     0.00     0.00     0.00     0.00     0.00
    2.72     0.00     0.00     0.00     0.00     0.00     0.00
    2.74     0.00     0.00     0.00     0.00     0.00     0.00
    2.76     0.00     0.00     0.00     0.00     0.00     0.00
    2.78     0.00     0.00     0.00     0.00     0.00     0.00
    2.80     0.00     0.00     0.00     0.00     0.00     0.00
    2.82     0.00     0.00     0.00     0.00     0.00     0.00
    2.84     0.00     0.00     0.00     0.00     0.00     0.00
    2.86     0.00     0.00     0.00     0.00     0.00     0.00
    2.88     0.00     0.00     0.00     0.00     0.00     0.00
    2.90     0.00     0.00     0.00     0.00     0.00     0.00
    2.92     0.00     0.00     0.00     0.00     0.00     0.00
    2.94     0.00     0.00     0.00     0.00     0.00     0.00
    2.96     0.00     0.00     0.00     0.00     0.00     0.00
    2.98     0.00     0.00     0.00     0.00     0.00     0.00
    3.00     0.00     0.00     0.00     0.00     0.00     0.00
    3.02     0.00     0.00     0.00     0.00     0.00     0.00
    3.04     0.00     0.00     0.00     0.00     0.00     0.00
    3.06     0.00     0.00     0.00     0.00     0.00     0.00
    3.08     0.00     0.00     0.00     0.00     0.00     0.00
    3.10     0.00     0.00     0.00     0.00     0.00     0.00
    3.12     0.00     0.00     0.00     0.00     0.00     0.00
    3.14     0.00     0.00     0.00     0.00     0.00     0.00
    3.16     0.00     0.00     0.00     0.00     0.00     0.00
    3.18     0.00     0.00     0.00     0.00     0.00     0.00
    3.20     0.00     0.00     0.00     0.00     0.00     0.00
    3.22     0.00     0.00     0.00     0.00     0.00     0.00
    3.24     0.00     0.00     0.00     0.00     0.00     0.00
    3.26     0.00     0.00     0.00     0.00     0.00     0.00
    3.28     0.00     0.00     0.00     0.00     0.00     0.00
    3.30     0.00     0.00     0.00     0.00     0.00     0.00
    3.32     0.00     0.00     0.00     0.00     0.00     0.00
    3.34     0.00     0.00     0.00     0.00     0.00     0.00
    3.36     0.00     0.00     0.00     0.00     0.00     0.00
    3.38     0.00     0.00     0.00     0.00     0.00     0.00
    3.40     0.00     0.00     0.00     0.00     0.00     0.00
    3.42     0.00     0.00     0.00     0.00     0.00     0.00
    3.44     0.00     0.00     0.00     0.00     0.00     0.00
    3.46     0.00     0.00     0.00     0.00     0.00     0.00
    3.48     0.00     0.00     0.00     0.00     0.00     0.00
    3.50     0.00     0.00     0.00     0.00     0.00     0.00
    3.52     0.00     0.00     0.00     0.00     0.00     0.00
    3.54     0.00     0.00     0.00     0.00     0.00     0.00
    3.56     0.00     0.00     0.00     0.00     0.00     0.00
    3.58     0.00     0.00     0.00     0.00     0.00     0.00
    3.60     0.00     0.00     0.00     0.00     0.00     0.00
    3.62     0.00     0.00     0.00     0.00     0.00     0.00
    3.64     0.00     0.00     0.00     0.00     0.00     0.00
    3.66     0.00     0.00     0.00     0.00     0.00     0.00
    3.68     0.00     0.00     0.00     0.00     0.00     0.00
    3.70     0.00     0.00     0.00     0.00     0.00     0.00
    3.72     0.00     0.00     0.00     0.00     0.00     0.00
    3.74     0.00     0.00     0.00     0.00     0.00     0.00
    3.76     0.00     0.00     0.00     0.00     0.00     0.00
    3.78     0.00     0.00     0.00     0.00     0.00     0.00
    3.80     0.00     0.00     0.00     0.00     0.00     0.00
    3.82     0.00     0.00     0.00     0.00     0.00     0.00
    3.84     0.00     0.00     0.00     0.00     0.00     0.00
    3.86     0.00     0.00     0.00     0.00     0.00     0.00
    3.88     0.00     0.00     0.00     0.00     0.00     0.00
    3.90     0.00     0.00     0.00     0.00     0.00     0.00
    3.92     0.00     0.00     0.00     0.00     0.00     0.00
    3.94     0.00     0.00     0.00     0.00     0.00     0.00
    3.96     0.00     0.00     0.00     0.00     0.00     0.00
    3.98     0.00     0.00     0.00     0.00     0.00     0.00
    4.00     0.00     0.00     0.00     0.00     0.00     0.00
    4.02     0.00     0.00     0.00     0.00     0.00     0.00
    4.04     0.00     0.00     0.00     0.00     0.00     0.00
    4.06     0.00     0.00     0.00     0.00     0.00     0.00
    4.08     0.00     0.00     0.00     0.00     0.00     0.00
    4.10     0.00     0.00     0.00     0.00     0.00     0.00
    4.12     0.00     0.00     0.00     0.00     0.00     0.00
    4.14     0.00     0.00     0.00     0.00     0.00     0.00
    4.16     0.00     0.00     0.00     0.00     0.00     0.00
    4.18     0.00     0.00     0.00     0.00     0.00     0.00
    4.20     0.00     0.00     0.00     0.00     0.00     0.00
    4.22     0.00     0.00     0.00     0.00     0.00     0.00
    4.24     0.00     0.00     0.00     0.00     0.00     0.00
    4.26     0.00     0.00     0.00     0.00     0.00     0.00
    4.28     0.00     0.00     0.00     0.00     0.00     0.00
    4.30     0.00     0.00     0.00     0.00     0.00     0.00
    4.32     0.00     0.00     0.00     0.00     0.00     0.00
    4.34     0.00     0.00     0.00     0.00     0.00     0.00
    4.36     0.00     0.00     0.00     0.00     0.00     0.00
    4.38     0.00     0.00     0.00     0.00     0.00     0.00
    4.40     0.00     0.00     0.00     0.00     0.00     0.00
    4.42     0.00     0.00     0.00     0.00     0.00     0.00
    4.44     0.00     0.00     0.00     0.00     0.00     0.00
    4.46     0.00     0.00     0.00     0.00     0.00     0.00
    4.48     0.00     0.00     0.00     0.00     0.00     0.00
    4.50     0.00     0.00     0.00     0.00     0.00     0.00
    4.52     0.00     0.00     0.00     0.00     0.00     0.00
    4.54     0.00     0.00     0.00     0.00     0.00     0.00
    4.56     0.00     0.00     0.00     0.00     0.00     0.00
    4.58     0.00     0.00     0.00     0.00     0.00     0.00
    4.60     0.00     0.00     0.00     0.00     0.00     0.00
    4.62     0.00     0.00     0.00     0.00     0.00     0.00
    4.64     0.00     0.00     0.00     0.00     0.00     0.00
    4.66     0.00     0.00     0.00     0.00     0.00     0.00
    4.68     0.00     0.00     0.00     0.00     0.00     0.00
    4.70     0.00     0.00     0.00     0.00     0.00     0.00
    4.72     0.00     0.00     0.00     0.00     0.00     0.00
    4.74     0.00     0.00     0.00     0.00     0.00     0.00
    4.76     0.00     0.00     0.00     0.00     0.00     0.00
    4.78     0.00     0.00     0.00     0.00     0.00     0.00
    4.80     0.00     0.00     0.00     0.00     0.00     0.00
    4.82     0.00     0.00     0.00     0.00     0.00     0.00
    4.84     0.00     0.00     0.00     0.00     0.00     0.00
    4.86     0.00     0.00     0.00     0.00     0.00     0.00
    4.88     0.00     0.00     0.00     0.00     0.00     0.00
    4.90     0.00     0.00     0.00     0.00     0.00     0.00
    4.92     0.00     0.00     0.00     0.00     0.00     0.00
    4.94     0.00     0.00     0.00     0.00     0.00     0.00
    4.96     0.00     0.00     0.00     0.00     0.00     0.00
    4.98     0.00     0.00     0.00     0.00     0.00     0.00
    5.00     0.00     0.00     0.00     0.00     0.00     0.00
    5.02     0.00     0.00     0.00     0.00     0.00     0.00
    5.04     0.00     0.00     0.00     0.00     0.00     0.00
    5.06     0.00     0.00     0.00     0.00     0.00     0.00
    5.08     0.00     0.00     0.00     0.00     0.00     0.00
    5.10     0.00     0.00     0.00     0.00     0.00     0.00
    5.12     0.00     0.00     0.00     0.00     0.00     0.00
    5.14     0.00     0.00     0.00     0.00     0.00     0.00
    5.16     0.00     0.00     0.00     0.00     0.00     0.00
    5.18     0.00     0.00     0.00     0.00     0.00     0.00
    5.20     0.00     0.00     0.00     0.00     0.00     0.00
    5.22     0.00     0.00     0.00     0.00     0.00     0.00
    5.24     0.00     0.00     0.00     0.00     0.00     0.00
    5.26     0.00     0.00     0.00     0.00     0.00     0.00
    5.28     0.00     0.00     0.00     0.00     0.00     0.00
    5.30     0.00     0.00     0.00     0.00     0.00     0.00
    5.32     0.00     0.00     0.00     0.00     0.00     0.00
    5.34     0.00     0.00     0.00     0.00     0.00     0.00
    5.36     0.00     0.00     0.00     0.00     0.00     0.00
    5.38     0.00     0.00     0.00     0.00     0.00     0.00
    5.40     0.00     0.00     0.00     0.00     0.00     0.00
    5.42     0.00     0.00     0.00     0.00     0.00     0.00
    5.44     0.00     0.00     0.00     0.00     0.00     0.00
    5.46     0.00     0.00     0.00     0.00     0.00     0.00
    5.48     0.00     0.00     0.00     0.00     0.00     0.00
    5.50     0.00     0.00     0.00     0.00     0.00     0.00
    5.52     0.00     0.00     0.00     0.00     0.00     0.00
    5.54     0.00     0.00     0.00     0.00     0.00     0.00
    5.56     0.00     0.00     0.00     0.00     0.00     0.00
    5.58     0.00     0.00     0.00     0.00     0.00     0.00
    5.60     0.00     0.00     0.00     0.00     0.00     0.00
    5.62     0.00     0.00     0.00     0.00     0.00     0.00
    5.64     0.00     0.00     0.00     0.00     0.00     0.00
    5.66     0.00     0.00     0.00     0.00     0.00     0.00
    5.68     0.00     0.00     0.00     0.00     0.00     0.00
    5.70     0.00     0.00     0.00     0.00     0.00     0.00
    5.72     0.00     0.00     0.00     0.00     0.00     0.00
    5.74     0.00     0.00     0.00     0.00     0.00     0.00
    5.76     0.00     0.00     0.00     0.00     0.00     0.00
    5.78     0.00     0.00     0.00     0.00     0.00     0.00
    5.80     0.00     0.00     0.00     0.00     0.00     0.00
    5.82     0.00     0.00     0.00     0.00     0.00     0.00
    5.84     0.00     0.00     0.00     0.00     0.00     0.00
    5.86     0.00     0.00     0.00     0.00     0.00     0.00
    5.88     0.00     0.00     0.00     0.00     0.00     0.00
    5.90     0.00     0.00     0.00     0.00     0.00     0.00
    5.92     0.00     0.00     0.00     0.00     0.00     0.00
    5.94     0.00     0.00     0.00     0.00     0.00     0.00
    5.96     0.00     0.00     0.00     0.00     0.00     0.00
    5.98     0.00     0.00     0.00     0.00     0.00     0.00
    6.00     0.00     0.00     0.00     0.00     0.00     0.00
