    2.00     0.00     0.00     0.00     0.00     0.00     0.00
    4.00     0.00     0.00     0.00     0.00     0.00     0.00
    6.00     0.00     0.00     0.00     0.00     0.00     0.00
    8.00     0.00     0.00     0.00     0.00     0.00     0.00
   10.00     0.00     0.00     0.00     0.00     0.00     0.00
   12.00     0.00     0.00     0.00     0.00     0.00     0.00
   14.00     0.00     0.00     0.00     0.00     0.00     0.00
   16.00     0.00     0.00     0.00     0.00     0.00     0.00
   18.00     0.00     0.00     0.00     0.00     0.00     0.00
   20.00     0.00     0.00     0.00     0.00     0.00     0.00
   22.00     0.00     0.00     0.00     0.00     0.00     0.00
   24.00     0.00     0.00     0.00     0.00     0.00     0.00
   26.00     0.00     0.00     0.00     0.00     0.00     0.00
   28.00     0.00     0.00     0.00     0.00     0.00     0.00
   30.00     0.00     0.00     0.00     0.00     0.00     0.00
   32.00     0.00     0.00     0.00     0.00     0.00     0.00
   34.00     0.00     0.00     0.00     0.00     0.00     0.00
   36.00     0.00     0.00     0.00     0.00     0.00     0.00
   38.00     0.00     0.00     0.00     0.00     0.00     0.00
   40.00     0.00     0.00     0.00     0.00     0.00     0.00
   42.00     0.00     0.00     0.00     0.00     0.00     0.00
   44.00     0.00     0.00     0.00     0.00     0.00     0.00
   46.00     0.00     0.00     0.00     0.00     0.00     0.00
   48.00     0.00     0.00     0.00     0.00     0.00     0.00
   50.00     0.00     0.00     0.00     0.00     0.00     0.00
   52.00     0.00     0.00     1.00     0.00     0.00     0.00
   54.00     0.00     0.00     1.00     0.00     0.00     0.00
   56.00     0.00     1.00     1.00     0.00     0.00     0.00
   58.00     0.00     5.00     6.00     0.00     0.00     0.00
   60.00     0.00     9.00    26.00     0.00     0.00     0.00
   62.00     0.00    19.00    40.00     0.00     0.00     0.00
   64.00     0.00    49.00    85.00     0.00     0.00     0.00
   66.00     2.00   106.00   149.00     0.00     0.00     0.00
   68.00     0.00   158.00   282.00     0.00     0.00     0.00
   70.00     2.00   262.00   392.00     0.00     0.00     0.00
   72.00     8.00   372.00   510.00     0.00     0.00     0.00
   74.00    13.00   515.00   692.00     0.00     0.00     0.00
   76.00    16.00   745.00   761.00     0.00     0.00     0.00
   78.00    30.00   874.00   957.00     0.00     0.00     0.00
   80.00    59.00   985.00  1028.00     0.00     0.00     0.00
   82.00    55.00  1159.00  1104.00     0.00     0.00     0.00
   84.00    79.00  1282.00  1172.00     0.00     0.00     0.00
   86.00   111.00  1345.00  1293.00     0.00     0.00     0.00
   88.00   143.00  1515.00  1241.00     0.00     0.00     0.00
   90.00   166.00  1486.00  1231.00     0.00     0.00     0.00
   92.00   211.00  1595.00  1206.00     0.00     0.00     0.00
   94.00   244.00  1546.00  1176.00     0.00     0.00     0.00
   96.00   300.00  1487.00  1083.00     0.00     0.00     0.00
   98.00   320.00  1443.00  1041.00     0.00     0.00     0.00
  100.00   338.00  1393.00   901.00     0.00     0.00     0.00
  102.00   379.00  1246.00   814.00     0.00     0.00     0.00
  104.00   405.00  1166.00   730.00     0.00     0.00     0.00
  106.00   405.00  1036.00   642.00     0.00     0.00     0.00
  108.00   397.00   955.00   560.00     0.00     0.00     0.00
  110.00   346.00   889.00   493.00     0.00     0.00     0.00
  112.00   374.00   798.00   345.00     0.00     0.00     0.00
  114.00   376.00   762.00   325.00     0.00     0.00     0.00
  116.00   295.00   593.00   247.00     0.00     0.00     0.00
  118.00   252.00   539.00   236.00     0.00     0.00     0.00
  120.00   258.00   527.00   190.00     0.00     0.00     0.00
  122.00   226.00   456.00   149.00     0.00     0.00     0.00
  124.00   192.00   416.00   126.00     0.00     0.00     0.00
  126.00   186.00   478.00   126.00     0.00     0.00     0.00
  128.00   171.00   356.00   124.00     0.00     0.00     0.00
  130.00   136.00   363.00   126.00     0.00     0.00     0.00
  132.00   125.00   364.00   106.00     0.00     0.00     0.00
  134.00   116.00   300.00   108.00     0.00     0.00     0.00
  136.00    85.00   320.00   101.00     0.00     0.00     0.00
  138.00    72.00   308.00   118.00     0.00     0.00     0.00
  140.00    65.00   279.00   109.00     0.00     0.00     0.00
  142.00    55.00   302.00   140.00     0.00     0.00     0.00
  144.00    52.00   316.00   150.00     0.00     0.00     0.00
  146.00    42.00   296.00   166.00     0.00     0.00     0.00
  148.00    43.00   315.00   200.00     0.00     0.00     0.00
  150.00    27.00   293.00   224.00     0.00     0.00     0.00
  152.00    28.00   329.00   259.00     0.00     0.00     0.00
  154.00    20.00   316.00   284.00     0.00     0.00     0.00
  156.00    21.00   312.00   288.00     0.00     0.00     0.00
  158.00     9.00   331.00   297.00     0.00     0.00     0.00
  160.00    10.00   314.00   370.00     0.00     0.00     0.00
  162.00    13.00   343.00   367.00     0.00     0.00     0.00
  164.00    10.00   306.00   353.00     0.00     0.00     0.00
  166.00     6.00   301.00   352.00     0.00     0.00     0.00
  168.00     8.00   284.00   353.00     0.00     0.00     0.00
  170.00     5.00   246.00   313.00     0.00     0.00     0.00
  172.00     1.00   227.00   299.00     0.00     0.00     0.00
  174.00     3.00   189.00   270.00     0.00     0.00     0.00
  176.00     1.00   136.00   186.00     0.00     0.00     0.00
  178.00     0.00   103.00   132.00     0.00     0.00     0.00
  180.00     2.00    69.00    83.00     0.00     0.00     0.00
    0.02     0.00     0.00     0.00     0.00     0.00     0.00
    0.04     0.00     0.00     0.00     0.00     0.00     0.00
    0.06     0.00     0.00     0.00     0.00     0.00     0.00
    0.08     0.00     0.00     0.00     0.00     0.00     0.00
    0.10     0.00     0.00     0.00     0.00     0.00     0.00
    0.12     0.00     0.00     0.00     0.00     0.00     0.00
    0.14     0.00     0.00     0.00     0.00     0.00     0.00
    0.16     0.00     0.00     0.00     0.00     0.00     0.00
    0.18     0.00     0.00     0.00     0.00     0.00     0.00
    0.20     0.00     0.00     0.00     0.00     0.00     0.00
    0.22     0.00     0.00     0.00     0.00     0.00     0.00
    0.24     0.00     0.00     0.00     0.00     0.00     0.00
    0.26     0.00     0.00     0.00     0.00     0.00     0.00
    0.28     0.00     0.00     0.00     0.00     0.00     0.00
    0.30     0.00     0.00     0.00     0.00     0.00     0.00
    0.32     0.00     0.00     0.00     0.00     0.00     0.00
    0.34     0.00     0.00     0.00     0.00     0.00     0.00
    0.36     0.00     0.00     0.00     0.00     0.00     0.00
    0.38     0.00     0.00     0.00     0.00     0.00     0.00
    0.40     0.00     0.00     0.00     0.00     0.00     0.00
    0.42     0.00     0.00     0.00     0.00     0.00     0.00
    0.44     0.00     0.00     0.00     0.00     0.00     0.00
    0.46     0.00     0.00     0.00     0.00     0.00     0.00
    0.48     0.00     0.00     0.00     0.00     0.00     0.00
    0.50     0.00     0.00     0.00     0.00     0.00     0.00
    0.52     0.00     0.00     0.00     0.00     0.00     0.00
    0.54     0.00     0.00     0.00     0.00     0.00     0.00
    0.56     0.00     0.00     0.00     0.00     0.00     0.00
    0.58     0.00     0.00     0.00     0.00     0.00     0.00
    0.60     0.00     0.00     0.00     0.00     0.00     0.00
    0.62     0.00     0.00     0.00     0.00     0.00     0.00
    0.64     0.00     0.00     0.00     0.00     0.00     0.00
    0.66     0.00     0.00     0.00     0.00     0.00     0.00
    0.68     0.00     0.00     0.00     0.00     0.00     0.00
    0.70     0.00     0.00     0.00     0.00     0.00     0.00
    0.72     0.00     0.00     0.00     0.00     0.00     0.00
    0.74     0.00     0.00     0.00     0.00     0.00     0.00
    0.76     0.00     0.00     0.00     0.00     0.00     0.00
    0.78     0.00     0.00     0.00     0.00     0.00     0.00
    0.80     0.00     0.00     0.00     0.00     0.00     0.00
    0.82     0.00     0.00     0.00     0.00     0.00     0.00
    0.84     0.00     0.00     0.00     0.00     0.00     0.00
    0.86     0.00     0.00     0.00     0.00     0.00     0.00
    0.88     0.00     0.00     0.00     0.00     0.00     0.00
    0.90     0.00     0.00     0.00     0.00     0.00     0.00
    0.92     0.00     0.00     0.00     0.00     0.00     0.00
    0.94     0.00     0.00     0.00     0.00     0.00     0.00
    0.96     0.00     0.00     0.00     0.00     0.00     0.00
    0.98     0.00     0.00     0.00     0.00     0.00     0.00
    1.00     0.00     0.00     0.00     0.00     0.00     0.00
    1.02     0.00     0.00     0.00     0.00     0.00     0.00
    1.04     0.00     0.00     0.00     0.00     0.00     0.00
    1.06     0.00     0.00     0.00     0.00     0.00     0.00
    1.08     0.00     0.00     0.00     0.00     0.00     0.00
    1.10     0.00     0.00     0.00     0.00     0.00     0.00
    1.12     0.00     0.00     0.00     0.00     0.00     0.00
    1.14     0.00     0.00     0.00     0.00     0.00     0.00
    1.16     0.00     0.00     0.00     0.00     0.00     0.00
    1.18     0.00     0.00     0.00     0.00     0.00     0.00
    1.20     0.00     0.00     0.00     0.00     0.00     0.00
    1.22     0.00     0.00     0.00     0.00     0.00     0.00
    1.24     0.00     0.00     0.00     0.00     0.00     0.00
    1.26     0.00     0.00     0.00     0.00     0.00     0.00
    1.28     0.00     0.00     0.00     0.00     0.00     0.00
    1.30     1.00     0.00     0.00     0.00     0.00     0.00
    1.32     2.00     2.00     0.00     0.00     0.00     0.00
    1.34     1.00     4.00     0.00     0.00     0.00     0.00
    1.36     2.00     3.00     0.00     0.00     0.00     0.00
    1.38     9.00    20.00     2.00     0.00     0.00     0.00
    1.40    22.00    43.00     9.00     0.00     0.00     0.00
    1.42    51.00    64.00    19.00     0.00     0.00     0.00
    1.44    69.00    92.00    29.00     0.00     0.00     0.00
    1.46   122.00   192.00    64.00     0.00     0.00     0.00
    1.48   171.00   283.00    76.00     0.00     0.00     0.00
    1.50   213.00   373.00   112.00     0.00     0.00     0.00
    1.52   277.00   470.00   146.00     0.00     0.00     0.00
    1.54   291.00   619.00   220.00     0.00     0.00     0.00
    1.56   314.00   751.00   283.00     0.00     0.00     0.00
    1.58   365.00   850.00   325.00     0.00     0.00     0.00
    1.60   362.00   910.00   384.00     0.00     0.00     0.00
    1.62   373.00   939.00   428.00     0.00     0.00     0.00
    1.64   296.00  1000.00   475.00     0.00     0.00     0.00
    1.66   270.00  1015.00   505.00     0.00     0.00     0.00
    1.68   289.00   908.00   505.00     0.00     0.00     0.00
    1.70   231.00   922.00   490.00     0.00     0.00     0.00
    1.72   228.00   907.00   477.00     0.00     0.00     0.00
    1.74   155.00   768.00   492.00     0.00     0.00     0.00
    1.76   144.00   730.00   446.00     0.00     0.00     0.00
    1.78   113.00   685.00   415.00     0.00     0.00     0.00
    1.80   105.00   608.00   426.00     0.00     0.00     0.00
    1.82    82.00   499.00   364.00     0.00     0.00     0.00
    1.84    64.00   483.00   348.00     0.00     0.00     0.00
    1.86    44.00   418.00   309.00     0.00     0.00     0.00
    1.88    42.00   355.00   284.00     0.00     0.00     0.00
    1.90    36.00   321.00   263.00     0.00     0.00     0.00
    1.92    24.00   286.00   261.00     0.00     0.00     0.00
    1.94    16.00   269.00   240.00     0.00     0.00     0.00
    1.96    13.00   221.00   248.00     0.00     0.00     0.00
    1.98    15.00   227.00   197.00     0.00     0.00     0.00
    2.00     7.00   182.00   174.00     0.00     0.00     0.00
    2.02    12.00   156.00   155.00     0.00     0.00     0.00
    2.04     9.00   124.00   154.00     0.00     0.00     0.00
    2.06     5.00   142.00   173.00     0.00     0.00     0.00
    2.08     4.00   116.00   137.00     0.00     0.00     0.00
    2.10     5.00   124.00   157.00     0.00     0.00     0.00
    2.12     4.00   106.00   119.00     0.00     0.00     0.00
    2.14     5.00   109.00   139.00     0.00     0.00     0.00
    2.16     7.00   105.00   128.00     0.00     0.00     0.00
    2.18     3.00    69.00   109.00     0.00     0.00     0.00
    2.20     1.00    89.00   112.00     0.00     0.00     0.00
    2.22     0.00    81.00   125.00     0.00     0.00     0.00
    2.24     1.00    74.00   125.00     0.00     0.00     0.00
    2.26     1.00    74.00   103.00     0.00     0.00     0.00
    2.28     0.00    87.00    94.00     0.00     0.00     0.00
    2.30     0.00    40.00    50.00     0.00     0.00     0.00
    2.32     0.00     0.00     0.00     0.00     0.00     0.00
    2.34     0.00     0.00     0.00     0.00     0.00     0.00
    2.36     0.00     0.00     0.00     0.00     0.00     0.00
    2.38     0.00     0.00     0.00     0.00     0.00     0.00
    2.40     0.00     0.00     0.00     0.00     0.00     0.00
    2.42     0.00     0.00     0.00     0.00     0.00     0.00
    2.44     0.00     0.00     0.00     0.00     0.00     0.00
    2.46     0.00     0.00     0.00     0.00     0.00     0.00
    2.48     0.00     0.00     0.00     0.00     0.00     0.00
    2.50     0.00     0.00     0.00     0.00     0.00     0.00
    2.52     0.00     0.00     0.00     0.00     0.00     0.00
    2.54     0.00     0.00     0.00     0.00     0.00     0.00
    2.56     0.00     0.00     0.00     0.00     0.00     0.00
    2.58     0.00     0.00     0.00     0.00     0.00     0.00
    2.60     0.00     0.00     0.00     0.00     0.00     0.00
    2.62     0.00     0.00     0.00     0.00     0.00     0.00
    2.64     0.00     0.00     0.00     0.00     0.00     0.00
    2.66     0.00     0.00     0.00     0.00     0.00     0.00
    2.68     0.00     0.00     0.00     0.00     0.00     0.00
    2.70     0.00     0.00     0.00     0.00     0.00     0.00
    2.72     0.00     0.00     0.00     0.00     0.00     0.00
    2.74     0.00     0.00     0.00     0.00     0.00     0.00
    2.76     0.00     0.00     0.00     0.00     0.00     0.00
    2.78     0.00     0.00     0.00     0.00     0.00     0.00
    2.80     0.00     0.00     0.00     0.00     0.00     0.00
    2.82     0.00     0.00     0.00     0.00     0.00     0.00
    2.84     0.00     0.00     0.00     0.00     0.00     0.00
    2.86     0.00     0.00     0.00     0.00     0.00     0.00
    2.88     0.00     0.00     0.00     0.00     0.00     0.00
    2.90     0.00     0.00     0.00     0.00     0.00     0.00
    2.92     0.00     0.00     0.00     0.00     0.00     0.00
    2.94     0.00     0.00     0.00     0.00     0.00     0.00
    2.96     0.00     0.00     0.00     0.00     0.00     0.00
    2.98     0.00     0.00     0.00     0.00     0.00     0.00
    3.00     0.00     0.00     0.00     0.00     0.00     0.00
    3.02     0.00     0.00     0.00     0.00     0.00     0.00
    3.04     0.00     0.00     0.00     0.00     0.00     0.00
    3.06     0.00     0.00     0.00     0.00     0.00     0.00
    3.08     0.00     0.00     0.00     0.00     0.00     0.00
    3.10     0.00     0.00     0.00     0.00     0.00     0.00
    3.12     0.00     0.00     0.00     0.00     0.00     0.00
    3.14     0.00     0.00     0.00     0.00     0.00     0.00
    3.16     0.00     0.00     0.00     0.00     0.00     0.00
    3.18     0.00     0.00     0.00     0.00     0.00     0.00
    3.20     0.00     0.00     0.00     0.00     0.00     0.00
    3.22     0.00     0.00     0.00     0.00     0.00     0.00
    3.24     0.00     0.00     0.00     0.00     0.00     0.00
    3.26     0.00     0.00     0.00     0.00     0.00     0.00
    3.28     0.00     0.00     0.00     0.00     0.00     0.00
    3.30     0.00     0.00     0.00     0.00     0.00     0.00
    3.32     0.00     0.00     0.00     0.00     0.00     0.00
    3.34     0.00     0.00     0.00     0.00     0.00     0.00
    3.36     0.00     0.00     0.00     0.00     0.00     0.00
    3.38     0.00     0.00     0.00     0.00     0.00     0.00
    3.40     0.00     0.00     0.00     0.00     0.00     0.00
    3.42     0.00     0.00     0.00     0.00     0.00     0.00
    3.44     0.00     0.00     0.00     0.00     0.00     0.00
    3.46     0.00     0.00     0.00     0.00     0.00     0.00
    3.48     0.00     0.00     0.00     0.00     0.00     0.00
    3.50     0.00     0.00     0.00     0.00     0.00     0.00
    3.52     0.00     0.00     0.00     0.00     0.00     0.00
    3.54     0.00     0.00     0.00     0.00     0.00     0.00
    3.56     0.00     0.00     0.00     0.00     0.00     0.00
    3.58     0.00     0.00     0.00     0.00     0.00     0.00
    3.60     0.00     0.00     0.00     0.00     0.00     0.00
    3.62     0.00     0.00     0.00     0.00     0.00     0.00
    3.64     0.00     0.00     0.00     0.00     0.00     0.00
    3.66     0.00     0.00     0.00     0.00     0.00     0.00
    3.68     0.00     0.00     0.00     0.00     0.00     0.00
    3.70     0.00     0.00     0.00     0.00     0.00     0.00
    3.72     0.00     0.00     0.00     0.00     0.00     0.00
    3.74     0.00     0.00     0.00     0.00     0.00     0.00
    3.76     0.00     0.00     0.00     0.00     0.00     0.00
    3.78     0.00     0.00     0.00     0.00     0.00     0.00
    3.80     0.00     0.00     0.00     0.00     0.00     0.00
    3.82     0.00     0.00     0.00     0.00     0.00     0.00
    3.84     0.00     0.00     0.00     0.00     0.00     0.00
    3.86     0.00     0.00     0.00     0.00     0.00     0.00
    3.88     0.00     0.00     0.00     0.00     0.00     0.00
    3.90     0.00     0.00     0.00     0.00     0.00     0.00
    3.92     0.00     0.00     0.00     0.00     0.00     0.00
    3.94     0.00     0.00     0.00     0.00     0.00     0.00
    3.96     0.00     0.00     0.00     0.00     0.00     0.00
    3.98     0.00     0.00     0.00     0.00     0.00     0.00
    4.00     0.00     0.00     0.00     0.00     0.00     0.00
    4.02     0.00     0.00     0.00     0.00     0.00     0.00
    4.04     0.00     0.00     0.00     0.00     0.00     0.00
    4.06     0.00     0.00     0.00     0.00     0.00     0.00
    4.08     0.00     0.00     0.00     0.00     0.00     0.00
    4.10     0.00     0.00     0.00     0.00     0.00     0.00
    4.12     0.00     0.00     0.00     0.00     0.00     0.00
    4.14     0.00     0.00     0.00     0.00     0.00     0.00
    4.16     0.00     0.00     0.00     0.00     0.00     0.00
    4.18     0.00     0.00     0.00     0.00     0.00     0.00
    4.20     0.00     0.00     0.00     0.00     0.00     0.00
    4.22     0.00     0.00     0.00     0.00     0.00     0.00
    4.24     0.00     0.00     0.00     0.00     0.00     0.00
    4.26     0.00     0.00     0.00     0.00     0.00     0.00
    4.28     0.00     0.00     0.00     0.00     0.00     0.00
    4.30     0.00     0.00     0.00     0.00     0.00     0.00
    4.32     0.00     0.00     0.00     0.00     0.00     0.00
    4.34     0.00     0.00     0.00     0.00     0.00     0.00
    4.36     0.00     0.00     0.00     0.00     0.00     0.00
    4.38     0.00     0.00     0.00     0.00     0.00     0.00
    4.40     0.00     0.00     0.00     0.00     0.00     0.00
    4.42     0.00     0.00     0.00     0.00     0.00     0.00
    4.44     0.00     0.00     0.00     0.00     0.00     0.00
    4.46     0.00     0.00     0.00     0.00     0.00     0.00
    4.48     0.00     0.00     0.00     0.00     0.00     0.00
    4.50     0.00     0.00     0.00     0.00     0.00     0.00
    4.52     0.00     0.00     0.00     0.00     0.00     0.00
    4.54     0.00     0.00     0.00     0.00     0.00     0.00
    4.56     0.00     0.00     0.00     0.00     0.00     0.00
    4.58     0.00     0.00     0.00     0.00     0.00     0.00
    4.60     0.00     0.00     0.00     0.00     0.00     0.00
    4.62     0.00     0.00     0.00     0.00     0.00     0.00
    4.64     0.00     0.00     0.00     0.00     0.00     0.00
    4.66     0.00     0.00     0.00     0.00     0.00     0.00
    4.68     0.00     0.00     0.00     0.00     0.00     0.00
    4.70     0.00     0.00     0.00     0.00     0.00     0.00
    4.72     0.00     0.00     0.00     0.00     0.00     0.00
    4.74     0.00     0.00     0.00     0.00     0.00     0.00
    4.76     0.00     0.00     0.00     0.00     0.00     0.00
    4.78     0.00     0.00     0.00     0.00     0.00     0.00
    4.80     0.00     0.00     0.00     0.00     0.00     0.00
    4.82     0.00     0.00     0.00     0.00     0.00     0.00
    4.84     0.00     0.00     0.00     0.00     0.00     0.00
    4.86     0.00     0.00     0.00     0.00     0.00     0.00
    4.88     0.00     0.00     0.00     0.00     0.00     0.00
    4.90     0.00     0.00     0.00     0.00     0.00     0.00
    4.92     0.00     0.00     0.00     0.00     0.00     0.00
    4.94     0.00     0.00     0.00     0.00     0.00     0.00
    4.96     0.00     0.00     0.00     0.00     0.00     0.00
    4.98     0.00     0.00     0.00     0.00     0.00     0.00
    5.00     0.00     0.00     0.00     0.00     0.00     0.00
    5.02     0.00     0.00     0.00     0.00     0.00     0.00
    5.04     0.00     0.00     0.00     0.00     0.00     0.00
    5.06     0.00     0.00     0.00     0.00     0.00     0.00
    5.08     0.00     0.00     0.00     0.00     0.00     0.00
    5.10     0.00     0.00     0.00     0.00     0.00     0.00
    5.12     0.00     0.00     0.00     0.00     0.00     0.00
    5.14     0.00     0.00     0.00     0.00     0.00     0.00
    5.16     0.00     0.00     0.00     0.00     0.00     0.00
    5.18     0.00     0.00     0.00     0.00     0.00     0.00
    5.20     0.00     0.00     0.00     0.00     0.00     0.00
    5.22     0.00     0.00     0.00     0.00     0.00     0.00
    5.24     0.00     0.00     0.00     0.00     0.00     0.00
    5.26     0.00     0.00     0.00     0.00     0.00     0.00
    5.28     0.00     0.00     0.00     0.00     0.00     0.00
    5.30     0.00     0.00     0.00     0.00     0.00     0.00
    5.32     0.00     0.00     0.00     0.00     0.00     0.00
    5.34     0.00     0.00     0.00     0.00     0.00     0.00
    5.36     0.00     0.00     0.00     0.00     0.00     0.00
    5.38     0.00     0.00     0.00     0.00     0.00     0.00
    5.40     0.00     0.00     0.00     0.00     0.00     0.00
    5.42     0.00     0.00     0.00     0.00     0.00     0.00
    5.44     0.00     0.00     0.00     0.00     0.00     0.00
    5.46     0.00     0.00     0.00     0.00     0.00     0.00
    5.48     0.00     0.00     0.00     0.00     0.00     0.00
    5.50     0.00     0.00     0.00     0.00     0.00     0.00
    5.52     0.00     0.00     0.00     0.00     0.00     0.00
    5.54     0.00     0.00     0.00     0.00     0.00     0.00
    5.56     0.00     0.00     0.00     0.00     0.00     0.00
    5.58     0.00     0.00     0.00     0.00     0.00     0.00
    5.60     0.00     0.00     0.00     0.00     0.00     0.00
    5.62     0.00     0.00     0.00     0.00     0.00     0.00
    5.64     0.00     0.00     0.00     0.00     0.00     0.00
    5.66     0.00     0.00     0.00     0.00     0.00     0.00
    5.68     0.00     0.00     0.00     0.00     0.00     0.00
    5.70     0.00     0.00     0.00     0.00     0.00     0.00
    5.72     0.00     0.00     0.00     0.00     0.00     0.00
    5.74     0.00     0.00     0.00     0.00     0.00     0.00
    5.76     0.00     0.00     0.00     0.00     0.00     0.00
    5.78     0.00     0.00     0.00     0.00     0.00     0.00
    5.80     0.00     0.00     0.00     0.00     0.00     0.00
    5.82     0.00     0.00     0.00     0.00     0.00     0.00
    5.84     0.00     0.00     0.00     0.00     0.00     0.00
    5.86     0.00     0.00     0.00     0.00     0.00     0.00
    5.88     0.00     0.00     0.00     0.00     0.00     0.00
    5.90     0.00     0.00     0.00     0.00     0.00     0.00
    5.92     0.00     0.00     0.00     0.00     0.00     0.00
    5.94     0.00     0.00     0.00     0.00     0.00     0.00
    5.96     0.00     0.00     0.00     0.00     0.00     0.00
    5.98     0.00     0.00     0.00     0.00     0.00     0.00
    6.00     0.00     0.00     0.00     0.00     0.00     0.00
