    2.00     0.00     0.00     0.00     0.00     0.00     0.00
    4.00     0.00     0.00     0.00     0.00     0.00     0.00
    6.00     0.00     0.00     0.00     0.00     0.00     0.00
    8.00     0.00     0.00     1.00     0.00     0.00     0.00
   10.00     0.00     0.00     0.00     0.00     0.00     0.00
   12.00     1.00     0.00     1.00     0.00     0.00     0.00
   14.00     0.00     0.00     0.00     0.00     0.00     0.00
   16.00     0.00     3.00     0.00     0.00     0.00     1.00
   18.00     0.00     2.00     1.00     0.00     1.00     1.00
   20.00     0.00     0.00     1.00     0.00     0.00     0.00
   22.00     0.00     1.00     0.00     0.00     3.00     1.00
   24.00     0.00     1.00     0.00     0.00     1.00     1.00
   26.00     0.00     2.00     0.00     2.00     1.00     0.00
   28.00     1.00     4.00     2.00     0.00     3.00     0.00
   30.00     2.00     3.00     5.00     0.00     0.00     1.00
   32.00     0.00     4.00     0.00     0.00     4.00     1.00
   34.00     1.00     4.00     1.00     0.00     3.00     1.00
   36.00     0.00     1.00     1.00     0.00     7.00     0.00
   38.00     2.00     2.00     1.00     3.00     2.00     2.00
   40.00     2.00     4.00     4.00     1.00     4.00     0.00
   42.00     1.00     6.00     4.00     0.00     3.00     1.00
   44.00     1.00     7.00     2.00     1.00     3.00     2.00
   46.00     3.00     5.00     3.00     0.00     4.00     1.00
   48.00     6.00     2.00     5.00     1.00     6.00     1.00
   50.00     5.00     4.00     1.00     1.00     2.00     1.00
   52.00     2.00     7.00     4.00     0.00     5.00     0.00
   54.00     5.00     9.00     4.00     0.00     1.00     2.00
   56.00     4.00     7.00     2.00     1.00     3.00     2.00
   58.00     5.00     9.00     3.00     2.00     5.00     0.00
   60.00     4.00    12.00     8.00     2.00     2.00     3.00
   62.00     4.00    11.00     4.00     0.00     5.00     3.00
   64.00     5.00    21.00    15.00     2.00     5.00     2.00
   66.00    11.00    37.00    22.00     2.00     9.00     3.00
   68.00     8.00    53.00    37.00     0.00     5.00     2.00
   70.00    14.00    85.00    46.00     3.00     3.00     1.00
   72.00    15.00    97.00    48.00     1.00     8.00     0.00
   74.00    20.00   141.00    78.00     4.00     7.00     4.00
   76.00    20.00   187.00    91.00     3.00     7.00     1.00
   78.00    27.00   210.00    80.00     3.00    14.00     5.00
   80.00    42.00   275.00   103.00     3.00    17.00     6.00
   82.00    53.00   300.00   109.00     3.00    21.00     8.00
   84.00    72.00   275.00   124.00     4.00    32.00     9.00
   86.00    97.00   331.00   111.00     7.00    46.00     6.00
   88.00   105.00   378.00   121.00     9.00    72.00     9.00
   90.00   133.00   351.00   144.00     6.00    77.00     7.00
   92.00   141.00   396.00   129.00     7.00    96.00     3.00
   94.00   202.00   379.00   110.00    18.00   108.00     5.00
   96.00   235.00   378.00   131.00    15.00   123.00     7.00
   98.00   273.00   349.00    96.00    15.00   120.00     6.00
  100.00   287.00   346.00    94.00    15.00   125.00     9.00
  102.00   312.00   341.00    93.00    19.00   135.00     9.00
  104.00   307.00   297.00    92.00    26.00   121.00     5.00
  106.00   285.00   292.00    72.00    27.00   144.00     7.00
  108.00   323.00   266.00    62.00    26.00   116.00    12.00
  110.00   320.00   245.00    59.00    40.00   130.00     9.00
  112.00   323.00   224.00    46.00    31.00   113.00     6.00
  114.00   293.00   193.00    37.00    43.00   137.00     6.00
  116.00   244.00   164.00    31.00    38.00   142.00     3.00
  118.00   241.00   153.00    32.00    52.00   129.00    13.00
  120.00   218.00   149.00    32.00    46.00   158.00     4.00
  122.00   192.00   137.00    23.00    57.00   132.00     6.00
  124.00   168.00   128.00    24.00    58.00   141.00     5.00
  126.00   135.00   123.00    26.00    60.00   135.00     9.00
  128.00   129.00   113.00    22.00    64.00   139.00     7.00
  130.00   124.00    97.00    20.00    99.00   148.00     9.00
  132.00    88.00   108.00     9.00    88.00   114.00     5.00
  134.00    81.00    97.00    15.00   108.00   118.00     4.00
  136.00    74.00    87.00     9.00    97.00   100.00     0.00
  138.00    63.00    81.00    18.00   107.00   128.00     5.00
  140.00    55.00    77.00    20.00   105.00    83.00     3.00
  142.00    53.00    83.00    19.00   110.00    73.00     5.00
  144.00    38.00    98.00    19.00   105.00    61.00     5.00
  146.00    35.00    80.00    16.00   104.00    69.00     4.00
  148.00    34.00    80.00    26.00   111.00    67.00     1.00
  150.00    24.00    65.00    12.00   109.00    51.00     5.00
  152.00    25.00    85.00    25.00   115.00    45.00     5.00
  154.00    26.00    84.00    29.00   115.00    39.00     4.00
  156.00    20.00    90.00    41.00    97.00    30.00     1.00
  158.00    10.00    90.00    36.00    95.00    29.00     5.00
  160.00     7.00    80.00    49.00    90.00    29.00     0.00
  162.00    15.00    70.00    34.00    90.00    16.00     1.00
  164.00     4.00    84.00    37.00    79.00    19.00     3.00
  166.00     1.00    75.00    32.00    86.00    21.00     0.00
  168.00     5.00    62.00    29.00    64.00    14.00     2.00
  170.00     5.00    66.00    36.00    58.00     7.00     3.00
  172.00     4.00    45.00    21.00    40.00    11.00     0.00
  174.00     5.00    39.00    22.00    49.00     6.00     2.00
  176.00     3.00    31.00    24.00    24.00     4.00     2.00
  178.00     2.00    25.00    11.00    16.00     3.00     1.00
  180.00     2.00    17.00     8.00     5.00     2.00     0.00
    0.02     0.00     0.00     0.00     0.00     0.00     0.00
    0.04     0.00     0.00     0.00     0.00     0.00     0.00
    0.06     0.00     0.00     0.00     0.00     0.00     0.00
    0.08     0.00     0.00     0.00     0.00     0.00     0.00
    0.10     0.00     0.00     0.00     0.00     0.00     0.00
    0.12     0.00     0.00     0.00     0.00     0.00     0.00
    0.14     0.00     0.00     0.00     0.00     0.00     0.00
    0.16     0.00     0.00     0.00     0.00     0.00     0.00
    0.18     0.00     0.00     0.00     0.00     0.00     0.00
    0.20     0.00     0.00     0.00     0.00     0.00     0.00
    0.22     0.00     0.00     0.00     0.00     0.00     0.00
    0.24     0.00     0.00     0.00     0.00     0.00     0.00
    0.26     0.00     0.00     0.00     0.00     0.00     0.00
    0.28     0.00     0.00     0.00     0.00     0.00     0.00
    0.30     0.00     0.00     0.00     0.00     0.00     0.00
    0.32     0.00     0.00     0.00     0.00     0.00     0.00
    0.34     0.00     0.00     0.00     0.00     0.00     0.00
    0.36     0.00     0.00     0.00     0.00     0.00     0.00
    0.38     0.00     0.00     0.00     0.00     0.00     0.00
    0.40     0.00     0.00     0.00     0.00     0.00     0.00
    0.42     0.00     0.00     0.00     0.00     0.00     0.00
    0.44     0.00     1.00     0.00     1.00     0.00     0.00
    0.46     0.00     0.00     0.00     0.00     0.00     0.00
    0.48     0.00     0.00     0.00     0.00     0.00     0.00
    0.50     0.00     0.00     0.00     0.00     0.00     0.00
    0.52     0.00     0.00     0.00     0.00     0.00     0.00
    0.54     0.00     0.00     0.00     0.00     0.00     0.00
    0.56     0.00     0.00     0.00     0.00     0.00     0.00
    0.58     0.00     0.00     0.00     0.00     0.00     0.00
    0.60     0.00     0.00     0.00     0.00     0.00     0.00
    0.62     0.00     0.00     0.00     0.00     0.00     0.00
    0.64     0.00     0.00     0.00     0.00     0.00     0.00
    0.66     1.00     0.00     0.00     1.00     0.00     0.00
    0.68     0.00     0.00     0.00     1.00     0.00     0.00
    0.70     1.00     0.00     0.00     1.00     0.00     0.00
    0.72     1.00     0.00     0.00     0.00     1.00     0.00
    0.74     0.00     0.00     0.00     0.00     0.00     0.00
    0.76     0.00     0.00     0.00     0.00     0.00     0.00
    0.78     0.00     0.00     0.00     0.00     0.00     0.00
    0.80     0.00     0.00     0.00     1.00     0.00     0.00
    0.82     1.00     0.00     0.00     0.00     1.00     0.00
    0.84     0.00     1.00     0.00     1.00     0.00     0.00
    0.86     0.00     1.00     0.00     0.00     1.00     0.00
    0.88     2.00     0.00     0.00     3.00     0.00     0.00
    0.90     1.00     0.00     0.00     1.00     0.00     0.00
    0.92     1.00     3.00     0.00     1.00     2.00     0.00
    0.94     0.00     1.00     0.00     1.00     0.00     0.00
    0.96     1.00     1.00     0.00     2.00     0.00     0.00
    0.98     1.00     0.00     0.00     1.00     0.00     0.00
    1.00     1.00     0.00     1.00     0.00     3.00     0.00
    1.02     0.00     0.00     0.00     1.00     0.00     0.00
    1.04     0.00     0.00     0.00     0.00     0.00     0.00
    1.06     1.00     1.00     0.00     1.00     1.00     0.00
    1.08     1.00     2.00     0.00     2.00     2.00     0.00
    1.10     0.00     0.00     0.00     1.00     0.00     1.00
    1.12     2.00     0.00     0.00     1.00     1.00     0.00
    1.14     3.00     1.00     0.00     2.00     1.00     0.00
    1.16     2.00     2.00     0.00     4.00     0.00     0.00
    1.18     0.00     1.00     0.00     0.00     0.00     0.00
    1.20     1.00     1.00     0.00     1.00     1.00     0.00
    1.22     0.00     0.00     0.00     0.00     0.00     0.00
    1.24     2.00     0.00     1.00     2.00     1.00     0.00
    1.26     2.00     3.00     0.00     3.00     2.00     0.00
    1.28     0.00     1.00     0.00     1.00     1.00     0.00
    1.30     2.00     3.00     1.00     2.00     2.00     1.00
    1.32     3.00     0.00     0.00     2.00     1.00     0.00
    1.34     3.00     4.00     0.00     3.00     4.00     0.00
    1.36     5.00     2.00     1.00     6.00     2.00     0.00
    1.38     9.00     8.00     1.00    16.00     2.00     0.00
    1.40    29.00     5.00     2.00    30.00     8.00     0.00
    1.42    26.00    11.00     1.00    32.00     5.00     0.00
    1.44    53.00    13.00     5.00    57.00    12.00     0.00
    1.46    62.00    64.00     4.00   103.00    21.00     1.00
    1.48   117.00    72.00    14.00   157.00    42.00     3.00
    1.50   163.00    99.00    10.00   207.00    63.00     3.00
    1.52   201.00   125.00    12.00   269.00    72.00     5.00
    1.54   203.00   126.00    22.00   264.00    91.00     1.00
    1.56   266.00   183.00    29.00   362.00   109.00     6.00
    1.58   310.00   204.00    43.00   384.00   166.00     4.00
    1.60   267.00   225.00    36.00   383.00   151.00     4.00
    1.62   272.00   246.00    38.00   387.00   165.00     6.00
    1.64   271.00   207.00    45.00   341.00   177.00     7.00
    1.66   278.00   275.00    46.00   390.00   212.00     4.00
    1.68   233.00   212.00    52.00   315.00   172.00     8.00
    1.70   194.00   246.00    56.00   288.00   209.00     4.00
    1.72   149.00   228.00    47.00   240.00   182.00     6.00
    1.74   147.00   206.00    49.00   230.00   174.00     4.00
    1.76   136.00   173.00    46.00   197.00   150.00     7.00
    1.78    98.00   172.00    48.00   174.00   142.00     1.00
    1.80    87.00   136.00    47.00   124.00   144.00     7.00
    1.82    67.00   134.00    35.00   112.00   123.00     5.00
    1.84    64.00   142.00    46.00   104.00   148.00     5.00
    1.86    36.00   118.00    39.00    79.00   117.00     7.00
    1.88    27.00    93.00    33.00    54.00    97.00     4.00
    1.90    38.00    77.00    26.00    53.00    87.00     9.00
    1.92    32.00    97.00    24.00    47.00    97.00     9.00
    1.94    22.00    68.00    27.00    36.00    78.00     4.00
    1.96    13.00    68.00    30.00    32.00    77.00     4.00
    1.98    21.00    60.00    24.00    31.00    74.00     3.00
    2.00    13.00    68.00    28.00    29.00    76.00     7.00
    2.02    13.00    45.00    21.00    19.00    55.00     5.00
    2.04    10.00    43.00    23.00    14.00    62.00     1.00
    2.06     9.00    35.00    17.00    21.00    43.00     2.00
    2.08    13.00    39.00    11.00    16.00    43.00     7.00
    2.10     9.00    45.00    18.00    17.00    53.00     3.00
    2.12    10.00    47.00     9.00    13.00    47.00     6.00
    2.14    15.00    28.00    20.00    12.00    47.00     3.00
    2.16     9.00    27.00     8.00    12.00    31.00     2.00
    2.18     7.00    29.00    19.00     5.00    44.00     6.00
    2.20     7.00    34.00    26.00    14.00    48.00     7.00
    2.22     6.00    36.00    15.00    17.00    41.00     1.00
    2.24     6.00    27.00    18.00     7.00    42.00     4.00
    2.26     3.00    30.00    16.00    13.00    33.00     5.00
    2.28     4.00    35.00    11.00    13.00    41.00     3.00
    2.30     5.00    20.00     5.00     7.00    22.00     1.00
    2.32     0.00     0.00     0.00     0.00     0.00     0.00
    2.34     0.00     0.00     0.00     0.00     0.00     0.00
    2.36     0.00     0.00     0.00     0.00     0.00     0.00
    2.38     0.00     0.00     0.00     0.00     0.00     0.00
    2.40     0.00     0.00     0.00     0.00     0.00     0.00
    2.42     0.00     0.00     0.00     0.00     0.00     0.00
    2.44     0.00     0.00     0.00     0.00     0.00     0.00
    2.46     0.00     0.00     0.00     0.00     0.00     0.00
    2.48     0.00     0.00     0.00     0.00     0.00     0.00
    2.50     0.00     0.00     0.00     0.00     0.00     0.00
    2.52     0.00     0.00     0.00     0.00     0.00     0.00
    2.54     0.00     0.00     0.00     0.00     0.00     0.00
    2.56     0.00     0.00     0.00     0.00     0.00     0.00
    2.58     0.00     0.00     0.00     0.00     0.00     0.00
    2.60     0.00     0.00     0.00     0.00     0.00     0.00
    2.62     0.00     0.00     0.00     0.00     0.00     0.00
    2.64     0.00     0.00     0.00     0.00     0.00     0.00
    2.66     0.00     0.00     0.00     0.00     0.00     0.00
    2.68     0.00     0.00     0.00     0.00     0.00     0.00
    2.70     0.00     0.00     0.00     0.00     0.00     0.00
    2.72     0.00     0.00     0.00     0.00     0.00     0.00
    2.74     0.00     0.00     0.00     0.00     0.00     0.00
    2.76     0.00     0.00     0.00     0.00     0.00     0.00
    2.78     0.00     0.00     0.00     0.00     0.00     0.00
    2.80     0.00     0.00     0.00     0.00     0.00     0.00
    2.82     0.00     0.00     0.00     0.00     0.00     0.00
    2.84     0.00     0.00     0.00     0.00     0.00     0.00
    2.86     0.00     0.00     0.00     0.00     0.00     0.00
    2.88     0.00     0.00     0.00     0.00     0.00     0.00
    2.90     0.00     0.00     0.00     0.00     0.00     0.00
    2.92     0.00     0.00     0.00     0.00     0.00     0.00
    2.94     0.00     0.00     0.00     0.00     0.00     0.00
    2.96     0.00     0.00     0.00     0.00     0.00     0.00
    2.98     0.00     0.00     0.00     0.00     0.00     0.00
    3.00     0.00     0.00     0.00     0.00     0.00     0.00
    3.02     0.00     0.00     0.00     0.00     0.00     0.00
    3.04     0.00     0.00     0.00     0.00     0.00     0.00
    3.06     0.00     0.00     0.00     0.00     0.00     0.00
    3.08     0.00     0.00     0.00     0.00     0.00     0.00
    3.10     0.00     0.00     0.00     0.00     0.00     0.00
    3.12     0.00     0.00     0.00     0.00     0.00     0.00
    3.14     0.00     0.00     0.00     0.00     0.00     0.00
    3.16     0.00     0.00     0.00     0.00     0.00     0.00
    3.18     0.00     0.00     0.00     0.00     0.00     0.00
    3.20     0.00     0.00     0.00     0.00     0.00     0.00
    3.22     0.00     0.00     0.00     0.00     0.00     0.00
    3.24     0.00     0.00     0.00     0.00     0.00     0.00
    3.26     0.00     0.00     0.00     0.00     0.00     0.00
    3.28     0.00     0.00     0.00     0.00     0.00     0.00
    3.30     0.00     0.00     0.00     0.00     0.00     0.00
    3.32     0.00     0.00     0.00     0.00     0.00     0.00
    3.34     0.00     0.00     0.00     0.00     0.00     0.00
    3.36     0.00     0.00     0.00     0.00     0.00     0.00
    3.38     0.00     0.00     0.00     0.00     0.00     0.00
    3.40     0.00     0.00     0.00     0.00     0.00     0.00
    3.42     0.00     0.00     0.00     0.00     0.00     0.00
    3.44     0.00     0.00     0.00     0.00     0.00     0.00
    3.46     0.00     0.00     0.00     0.00     0.00     0.00
    3.48     0.00     0.00     0.00     0.00     0.00     0.00
    3.50     0.00     0.00     0.00     0.00     0.00     0.00
    3.52     0.00     0.00     0.00     0.00     0.00     0.00
    3.54     0.00     0.00     0.00     0.00     0.00     0.00
    3.56     0.00     0.00     0.00     0.00     0.00     0.00
    3.58     0.00     0.00     0.00     0.00     0.00     0.00
    3.60     0.00     0.00     0.00     0.00     0.00     0.00
    3.62     0.00     0.00     0.00     0.00     0.00     0.00
    3.64     0.00     0.00     0.00     0.00     0.00     0.00
    3.66     0.00     0.00     0.00     0.00     0.00     0.00
    3.68     0.00     0.00     0.00     0.00     0.00     0.00
    3.70     0.00     0.00     0.00     0.00     0.00     0.00
    3.72     0.00     0.00     0.00     0.00     0.00     0.00
    3.74     0.00     0.00     0.00     0.00     0.00     0.00
    3.76     0.00     0.00     0.00     0.00     0.00     0.00
    3.78     0.00     0.00     0.00     0.00     0.00     0.00
    3.80     0.00     0.00     0.00     0.00     0.00     0.00
    3.82     0.00     0.00     0.00     0.00     0.00     0.00
    3.84     0.00     0.00     0.00     0.00     0.00     0.00
    3.86     0.00     0.00     0.00     0.00     0.00     0.00
    3.88     0.00     0.00     0.00     0.00     0.00     0.00
    3.90     0.00     0.00     0.00     0.00     0.00     0.00
    3.92     0.00     0.00     0.00     0.00     0.00     0.00
    3.94     0.00     0.00     0.00     0.00     0.00     0.00
    3.96     0.00     0.00     0.00     0.00     0.00     0.00
    3.98     0.00     0.00     0.00     0.00     0.00     0.00
    4.00     0.00     0.00     0.00     0.00     0.00     0.00
    4.02     0.00     0.00     0.00     0.00     0.00     0.00
    4.04     0.00     0.00     0.00     0.00     0.00     0.00
    4.06     0.00     0.00     0.00     0.00     0.00     0.00
    4.08     0.00     0.00     0.00     0.00     0.00     0.00
    4.10     0.00     0.00     0.00     0.00     0.00     0.00
    4.12     0.00     0.00     0.00     0.00     0.00     0.00
    4.14     0.00     0.00     0.00     0.00     0.00     0.00
    4.16     0.00     0.00     0.00     0.00     0.00     0.00
    4.18     0.00     0.00     0.00     0.00     0.00     0.00
    4.20     0.00     0.00     0.00     0.00     0.00     0.00
    4.22     0.00     0.00     0.00     0.00     0.00     0.00
    4.24     0.00     0.00     0.00     0.00     0.00     0.00
    4.26     0.00     0.00     0.00     0.00     0.00     0.00
    4.28     0.00     0.00     0.00     0.00     0.00     0.00
    4.30     0.00     0.00     0.00     0.00     0.00     0.00
    4.32     0.00     0.00     0.00     0.00     0.00     0.00
    4.34     0.00     0.00     0.00     0.00     0.00     0.00
    4.36     0.00     0.00     0.00     0.00     0.00     0.00
    4.38     0.00     0.00     0.00     0.00     0.00     0.00
    4.40     0.00     0.00     0.00     0.00     0.00     0.00
    4.42     0.00     0.00     0.00     0.00     0.00     0.00
    4.44     0.00     0.00     0.00     0.00     0.00     0.00
    4.46     0.00     0.00     0.00     0.00     0.00     0.00
    4.48     0.00     0.00     0.00     0.00     0.00     0.00
    4.50     0.00     0.00     0.00     0.00     0.00     0.00
    4.52     0.00     0.00     0.00     0.00     0.00     0.00
    4.54     0.00     0.00     0.00     0.00     0.00     0.00
    4.56     0.00     0.00     0.00     0.00     0.00     0.00
    4.58     0.00     0.00     0.00     0.00     0.00     0.00
    4.60     0.00     0.00     0.00     0.00     0.00     0.00
    4.62     0.00     0.00     0.00     0.00     0.00     0.00
    4.64     0.00     0.00     0.00     0.00     0.00     0.00
    4.66     0.00     0.00     0.00     0.00     0.00     0.00
    4.68     0.00     0.00     0.00     0.00     0.00     0.00
    4.70     0.00     0.00     0.00     0.00     0.00     0.00
    4.72     0.00     0.00     0.00     0.00     0.00     0.00
    4.74     0.00     0.00     0.00     0.00     0.00     0.00
    4.76     0.00     0.00     0.00     0.00     0.00     0.00
    4.78     0.00     0.00     0.00     0.00     0.00     0.00
    4.80     0.00     0.00     0.00     0.00     0.00     0.00
    4.82     0.00     0.00     0.00     0.00     0.00     0.00
    4.84     0.00     0.00     0.00     0.00     0.00     0.00
    4.86     0.00     0.00     0.00     0.00     0.00     0.00
    4.88     0.00     0.00     0.00     0.00     0.00     0.00
    4.90     0.00     0.00     0.00     0.00     0.00     0.00
    4.92     0.00     0.00     0.00     0.00     0.00     0.00
    4.94     0.00     0.00     0.00     0.00     0.00     0.00
    4.96     0.00     0.00     0.00     0.00     0.00     0.00
    4.98     0.00     0.00     0.00     0.00     0.00     0.00
    5.00     0.00     0.00     0.00     0.00     0.00     0.00
    5.02     0.00     0.00     0.00     0.00     0.00     0.00
    5.04     0.00     0.00     0.00     0.00     0.00     0.00
    5.06     0.00     0.00     0.00     0.00     0.00     0.00
    5.08     0.00     0.00     0.00     0.00     0.00     0.00
    5.10     0.00     0.00     0.00     0.00     0.00     0.00
    5.12     0.00     0.00     0.00     0.00     0.00     0.00
    5.14     0.00     0.00     0.00     0.00     0.00     0.00
    5.16     0.00     0.00     0.00     0.00     0.00     0.00
    5.18     0.00     0.00     0.00     0.00     0.00     0.00
    5.20     0.00     0.00     0.00     0.00     0.00     0.00
    5.22     0.00     0.00     0.00     0.00     0.00     0.00
    5.24     0.00     0.00     0.00     0.00     0.00     0.00
    5.26     0.00     0.00     0.00     0.00     0.00     0.00
    5.28     0.00     0.00     0.00     0.00     0.00     0.00
    5.30     0.00     0.00     0.00     0.00     0.00     0.00
    5.32     0.00     0.00     0.00     0.00     0.00     0.00
    5.34     0.00     0.00     0.00     0.00     0.00     0.00
    5.36     0.00     0.00     0.00     0.00     0.00     0.00
    5.38     0.00     0.00     0.00     0.00     0.00     0.00
    5.40     0.00     0.00     0.00     0.00     0.00     0.00
    5.42     0.00     0.00     0.00     0.00     0.00     0.00
    5.44     0.00     0.00     0.00     0.00     0.00     0.00
    5.46     0.00     0.00     0.00     0.00     0.00     0.00
    5.48     0.00     0.00     0.00     0.00     0.00     0.00
    5.50     0.00     0.00     0.00     0.00     0.00     0.00
    5.52     0.00     0.00     0.00     0.00     0.00     0.00
    5.54     0.00     0.00     0.00     0.00     0.00     0.00
    5.56     0.00     0.00     0.00     0.00     0.00     0.00
    5.58     0.00     0.00     0.00     0.00     0.00     0.00
    5.60     0.00     0.00     0.00     0.00     0.00     0.00
    5.62     0.00     0.00     0.00     0.00     0.00     0.00
    5.64     0.00     0.00     0.00     0.00     0.00     0.00
    5.66     0.00     0.00     0.00     0.00     0.00     0.00
    5.68     0.00     0.00     0.00     0.00     0.00     0.00
    5.70     0.00     0.00     0.00     0.00     0.00     0.00
    5.72     0.00     0.00     0.00     0.00     0.00     0.00
    5.74     0.00     0.00     0.00     0.00     0.00     0.00
    5.76     0.00     0.00     0.00     0.00     0.00     0.00
    5.78     0.00     0.00     0.00     0.00     0.00     0.00
    5.80     0.00     0.00     0.00     0.00     0.00     0.00
    5.82     0.00     0.00     0.00     0.00     0.00     0.00
    5.84     0.00     0.00     0.00     0.00     0.00     0.00
    5.86     0.00     0.00     0.00     0.00     0.00     0.00
    5.88     0.00     0.00     0.00     0.00     0.00     0.00
    5.90     0.00     0.00     0.00     0.00     0.00     0.00
    5.92     0.00     0.00     0.00     0.00     0.00     0.00
    5.94     0.00     0.00     0.00     0.00     0.00     0.00
    5.96     0.00     0.00     0.00     0.00     0.00     0.00
    5.98     0.00     0.00     0.00     0.00     0.00     0.00
    6.00     0.00     0.00     0.00     0.00     0.00     0.00
