
 SPT   Si   O
            1            0           82
            2            0         9011
            3           17         4174
            4         3035           65
            5         2992            0
            6          619            0
            7            3            0
            8            0            0
            9            0            0
           10            0            0
           11            0            0
           12            0            0
           13            0            0
           14            0            0
           15            0            0
           16            0            0
           17            0            0
           18            0            0
           19            0            0