         103      47.4347      34.6709      49.9235       1.0000            4
         166      20.1306      28.7523      55.8312       1.0000            4
         172      56.4467      58.8913      39.5754       1.0000            4
         206      30.9216      43.4694      56.5810       1.0000            4
         225      14.6562      57.8592      25.3371       1.0000            4
         232      52.9794      13.5554      45.8543       1.0000            4
         238      17.0250      30.8121      56.1971       1.0000            4
         315      24.2768      32.2303      46.1489       1.0000            4
         323      30.1219       8.6477      19.7848       1.0000            4
         339      29.1552      46.1439      38.2862       1.0000            4
         374      46.7653      43.5877      17.6850       1.0000            4
         406      48.4358      53.6983      21.4918       1.0000            4
         408      39.7001      25.4841      31.7017       1.0000            4
         411      17.9475      10.5209      42.6879       1.0000            4
         427      53.5889      33.8536      43.6694       1.0000            4
         440      27.4830      36.3431      22.9335       1.0000            4
         442      18.9786      51.2014      47.2850       1.0000            4
         471      44.9997      29.0612       7.3335       1.0000            4
         479      26.6905      45.2300       7.8501       1.0000            4
         495      52.3320      24.9316      44.3095       1.0000            4
         551      13.3209      31.6049      20.6557       1.0000            4
         666      31.2138      40.6615      27.8350       1.0000            4
         696      50.7424      32.8877      12.3633       1.0000            4
         704      29.1475      24.0813      13.3520       1.0000            4
         708      13.7293      60.0939      27.2751       1.0000            4
         714      55.8110      17.4833      28.9162       1.0000            4
         721      38.5477      17.9515      35.7135       1.0000            4
         763      48.4368      14.5667      16.3454       1.0000            4
         807      13.3609      56.7647      35.7348       1.0000            4
         808      39.1072      34.9341       9.0418       1.0000            4
         847      45.4036      29.2971      30.1437       1.0000            4
         848      23.1000      17.0371      51.9975       1.0000            4
         850      46.3895      21.6364      22.3102       1.0000            4
         881      58.2226      59.9355      59.5284       1.0000            4
         886      28.2287      24.4326      28.4381       1.0000            4
         888      36.9565      48.0980      43.0545       1.0000            4
         966      33.8755      31.0864      44.2760       1.0000            4
        1124      28.3854      16.2951      38.3620       1.0000            4
        1136      56.9127      32.6146      42.9297       1.0000            4
        1154      11.5042      39.3549      23.6388       1.0000            4
        1209      42.1641      21.4945      57.3546       1.0000            4
        1213      50.8089      44.1688      29.7448       1.0000            4
        1313      26.6212      22.1090      47.7075       1.0000            4
        1320      27.3910      31.5223      42.7790       1.0000            4
        1365      38.3595      48.8128      27.6187       1.0000            4
        1476      20.8735      38.2825      19.4849       1.0000            4
        1489      20.8857      45.2475      41.6722       1.0000            4
        1498      18.9511      50.6703      11.8468       1.0000            4
        1517      22.6508       7.3694      40.0119       1.0000            4
        1523       9.7637      41.4812      41.5843       1.0000            4
        1545      46.3309      49.7245      13.6599       1.0000            4
        1546      27.2465      35.5774      58.3462       1.0000            4
        1623      26.3947      25.4774      22.9502       1.0000            4
        1636      51.3676      35.5462      58.2219       1.0000            4
        1654      59.6688      14.6390      37.4098       1.0000            4
        1666      19.5195      14.7349      22.6132       1.0000            4
        1688      18.9666      55.4375      56.2951       1.0000            4
        1772       6.7385      16.2815      45.9407       1.0000            4
        1859      12.2870      12.7771      26.3513       1.0000            4
        1867       7.4323      31.6391      20.3301       1.0000            4
        1868      22.8570      53.1426      31.1448       1.0000            4
        1918      22.2672      47.1801       9.4240       1.0000            4
        1935      51.4792      36.8590      29.4858       1.0000            4
        1952      54.8184      27.5103      55.4955       1.0000            4
        1977      25.3512      20.1750      34.5749       1.0000            4
        1995      44.8433      29.4361      17.7283       1.0000            4
        2063      28.0593      58.7346      40.1740       1.0000            4
        2078      28.5873      53.2607      52.8675       1.0000            4
        2091      44.9813      53.3991      17.4052       1.0000            4
        2093      41.7741      46.3663      25.1481       1.0000            4
        2152      12.7822      35.5119      40.7903       1.0000            4
        2210      36.8910      32.6340      33.8694       1.0000            4
        2229      58.3490      39.3099      34.4735       1.0000            4
        2278      11.4247      35.1065      58.3986       1.0000            4
        2281      49.4540       9.5224      53.4125       1.0000            4
        2299      17.6770      48.5654      40.2159       1.0000            4
        2322      25.0759      23.2701      22.5390       1.0000            4
        2332      56.3179      46.2311      58.3372       1.0000            4
        2341      39.9636      32.0482      54.4082       1.0000            4
        2409      21.1066      25.3479      26.5081       1.0000            4
        2417      33.5708      38.5425      16.0859       1.0000            4
        2420      56.7019      43.2942      32.3078       1.0000            4
        2429       9.6513      29.2019      50.3660       1.0000            4
        2529      50.4243      51.4832      56.9946       1.0000            4
        2587      37.0089       6.8752      45.4320       1.0000            4
        2595      18.7088      31.8774      53.1164       1.0000            4
        2597      49.1017      56.3350      27.7542       1.0000            4
        2598      21.5242      25.4305      53.5012       1.0000            4
        2605      40.2708      31.2309      15.6036       1.0000            4
        2610      37.9328      47.4595      23.4551       1.0000            4
        2628      10.5654      23.2798      41.1418       1.0000            4
        2663      57.6045      15.0979      11.9041       1.0000            4
        2670      45.9997      50.6877      10.8840       1.0000            4
        2692      33.1548      16.0227      34.3686       1.0000            4
        2704      14.4809      24.5350      28.2834       1.0000            4
        2734      37.9213      32.5633      11.5518       1.0000            4
        2821      24.6306       6.8192      23.4369       1.0000            4
        2873      44.0148      45.2106      49.9012       1.0000            4
        2883      15.3656      46.6507      15.6309       1.0000            4
        2901      16.3319      15.9191      37.7389       1.0000            4
        2906      46.5247      52.9145      51.7812       1.0000            4
        2930      23.5587      30.8582      56.4409       1.0000            4
        2938       8.3336      54.3380      35.9321       1.0000            4
        2976      32.0299      38.5002      29.3065       1.0000            4
        2980      55.7808      53.7448      28.5975       1.0000            4
        2984      35.7752       9.4078      56.8762       1.0000            4
        3010      20.2144      58.3108      41.5611       1.0000            4
        3022      13.5070      28.2681      55.0380       1.0000            4
        3058      24.6964      27.8542      21.1862       1.0000            4
        3115      50.8298      54.4582      43.1996       1.0000            4
        3139      11.3257      38.2362      42.0220       1.0000            4
        3149      10.3610      42.4073      31.3947       1.0000            4
        3245      29.8144       7.0705      45.4522       1.0000            4
        3346      49.6501      14.4779      19.1348       1.0000            4
        3410      58.5469      58.4403      32.6397       1.0000            4
        3435      51.4890      22.6005      20.4412       1.0000            4
        3468      34.0759      54.3807      53.0969       1.0000            4
        3545       7.3301      13.7805      41.1861       1.0000            4
        3585      38.8214      29.7895       9.5788       1.0000            4
        3639      33.1902      26.5301      25.4431       1.0000            4
        3678      42.0775      37.5938      12.3928       1.0000            4
        3720      43.8617       8.6134      27.2714       1.0000            4
        3762      48.7727      41.8123      29.4542       1.0000            4
        3781      44.1422      47.2763      13.8407       1.0000            4
        3796      54.7493      53.5532      56.9369       1.0000            4
        3845      41.0770      51.9628      14.0925       1.0000            4
        3848      53.4058      39.3021      43.8418       1.0000            4
        3877      46.6509      34.3945      41.8597       1.0000            4
        3883      30.3115      13.2552      28.7683       1.0000            4
        3913      54.7316      25.1040      37.4367       1.0000            4
        3925      35.2245      57.4003      22.0000       1.0000            4
        3959      18.6900       6.9528      39.9563       1.0000            4
        3992      43.1223      49.5407      14.8874       1.0000            4
        4017      23.7151      42.7323      42.0614       1.0000            4
        4045      58.2616      29.0872      26.6215       1.0000            4
        4047      57.7102      35.1238       7.3582       1.0000            4
        4060      12.6768      53.7756      39.9075       1.0000            4
        4069      22.5247      10.7509      34.6431       1.0000            4
        4160      45.4134      15.4583      37.1407       1.0000            4
        4224      46.2384      53.5833      33.7092       1.0000            4
        4281      53.8123      20.5400      46.3777       1.0000            4
        4291      16.5802      26.7131      46.5536       1.0000            4
        4319       8.8807      59.0250      60.1142       1.0000            4
        4346      26.9283      43.7899      31.7401       1.0000            4
        4379      47.9968      25.6474       8.6128       1.0000            4
        4421      36.4228      13.2759      20.7053       1.0000            4
        4429      53.8612      54.5564      43.5775       1.0000            4
        4500      48.6788      37.3024       9.7483       1.0000            4
        4547      18.8004      15.3398      43.3139       1.0000            4
        4698      57.4703      41.9536      29.5578       1.0000            4
        4751      22.6063      18.6662      24.9936       1.0000            4
        4760      35.9927      31.3256      53.9614       1.0000            4
        4794      11.4342      12.5724      20.3136       1.0000            4
        4985      29.5671      23.8333      58.4828       1.0000            4
        5040      57.8474      58.7685      27.6860       1.0000            4
        5041      25.9766      17.7681      33.1204       1.0000            4
        5065      26.3950      29.3554      37.0811       1.0000            4
        5089      16.0534      16.5392      12.1635       1.0000            4
        5199      34.8166      26.4082      28.3771       1.0000            4
        5203      19.2236      42.5529       7.1860       1.0000            4
        5215      16.9212      39.4978      28.4452       1.0000            4
        5288      58.4035      53.4420      30.0294       1.0000            4
        5308      25.3930      46.9045      11.3620       1.0000            4
        5357      25.5594      43.3100      14.5672       1.0000            4
        5358      17.1806      11.4426      59.0350       1.0000            4
        5405      38.1616      51.8469      30.0451       1.0000            4
        5409      36.8214      22.4893      13.2128       1.0000            4
        5493      34.1689      14.3741      37.3436       1.0000            4
        5522      27.6200      26.0477      10.6800       1.0000            4
        5527      41.5812      54.8067      59.5401       1.0000            4
        5541      34.0582      53.4900      19.4627       1.0000            4
        5589      24.4705      53.1592      60.0293       1.0000            4
        5636      20.2872      21.6692      30.4159       1.0000            4
        5668       8.8156      38.0331      59.2976       1.0000            4
        5670      58.1396      46.3644      14.4969       1.0000            4
        5761      40.2393      21.1774      38.3611       1.0000            4
        5766      27.1419      49.2874      51.9033       1.0000            4
        5776      57.7491      22.2857      43.6548       1.0000            4
        5814      48.6954      16.0894      55.2244       1.0000            4
        5929      52.4187      53.5441      40.2621       1.0000            4
        5948      32.7043      42.0860      53.7423       1.0000            4
        5969      16.7620      29.4836      53.4403       1.0000            4
        5970      34.0073      40.9817      13.4867       1.0000            4
        5984      60.1025      52.9718      33.0707       1.0000            4
        6042      41.9516      14.9304      24.6215       1.0000            4
        6043      53.4018      22.0014       7.5819       1.0000            4
        6049      42.8309      41.5810      17.1868       1.0000            4
        6061      21.3455       9.0375      15.4166       1.0000            4
        6104      11.1378      26.2595      29.5959       1.0000            4
        6108      26.5828      30.7946      25.3659       1.0000            4
        6114      50.6473      40.7151      49.5365       1.0000            4
        6175      12.9994      39.1478      16.9953       1.0000            4
        6303      30.9789      15.2520      38.6765       1.0000            4
        6306      36.4985      56.4113      27.3229       1.0000            4
        6408      41.8012      31.6608      49.7954       1.0000            4
        6411      59.1911      23.6527      33.2832       1.0000            4
        6412      36.7588       9.6972      31.2614       1.0000            4
        6489      27.6602      34.5118       9.1418       1.0000            4
        6525      47.8002      55.1465      44.7223       1.0000            4
        6554      38.8296      12.5343      19.6994       1.0000            4
        6594      32.9779      19.8200      20.8374       1.0000            4
        6611      44.4784      27.9831      23.8253       1.0000            4
        6625      29.4383      52.3792      44.4349       1.0000            4
        6671      39.3010      52.4580      30.9080       2.0000            4
        6695      15.6577      25.5387      45.9216       2.0000            4
        6714      40.7032      50.4242      13.2149       2.0000            4
        6723      23.3132      20.0646      25.6263       2.0000            4
        6726      59.8386      57.4592      33.0547       2.0000            4
        6769      41.6404      21.2526      59.0394       2.0000            4
        6774      19.9215      32.1755      52.0026       2.0000            4
        6776      43.3320      20.1686      57.2848       2.0000            4
        6811      23.3520      27.6662      21.8522       2.0000            4
        6816      28.6903      25.7570       9.6543       2.0000            4
        6818      30.3466      24.7292      13.1119       2.0000            4
        6842      34.9507      55.6831      27.9331       2.0000            4
        6861      38.4355      12.3067      18.0871       2.0000            4
        6901      51.6868      53.8510      38.8089       2.0000            4
        6915      46.3992      55.6206      44.7733       2.0000            4
        7042      31.3976      12.4082      27.9348       2.0000            4
        7091      24.9338      21.6153      22.7700       2.0000            4
        7132      44.3500      48.2699      14.8400       2.0000            4
        7160      20.2080       9.3613      16.5028       2.0000            4
        7165      58.8965      15.2239      12.5543       2.0000            4
        7174      59.8038      54.4059      33.7313       2.0000            4
        7177      30.5952      53.2975      43.5696       2.0000            4
        7191      55.2009      18.1942      30.2591       2.0000            4
        7194      39.2826      50.0435      27.5722       2.0000            4
        7228      12.6256      11.4034      25.6782       2.0000            4
        7257      28.9932      45.4483      36.7918       2.0000            4
        7262      37.8260      59.0975      45.3756       2.0000            4
        7281      19.8052      16.3205      42.6772       2.0000            4
        7284      21.3174       7.7247      40.8232       2.0000            4
        7306      50.6870      45.6135      29.1317       2.0000            4
        7308      41.9795      16.1137      23.6377       2.0000            4
        7318      40.7707      30.6085      48.9715       2.0000            4
        7331      15.8774      23.8600      28.6144       2.0000            4
        7352      56.5357      23.2946      43.3794       2.0000            4
        7364      34.5921      16.6612      34.5269       2.0000            4
        7379      50.3397      33.8214      11.0405       2.0000            4
        7412      35.8582       6.7653      44.3896       2.0000            4
        7419      26.4890      23.8175      22.4750       2.0000            4
        7432      13.9637      40.1297      17.7785       2.0000            4
        7491       7.0237      23.8892      34.1851       2.0000            4
        7492      31.6130       9.0894      19.3553       2.0000            4
        7514      22.1003      18.0939      23.4959       2.0000            4
        7536      52.7103      14.8863      45.0557       2.0000            4
        7547      25.5152      18.7068      31.7733       2.0000            4
        7548      15.7613      16.8562      13.6466       2.0000            4
        7568      13.4920      37.9178      18.1871       2.0000            4
        7587      10.9005      37.2488      40.8300       2.0000            4
        7603      43.0990      22.5554      58.2059       2.0000            4
        7613      20.1032      56.8041      41.0481       2.0000            4
        7636      22.7237      24.5277      53.2332       2.0000            4
        7641      51.4017      38.3386      28.8309       2.0000            4
        7658      57.9584      59.9722      58.0375       2.0000            4
        7700      53.1987      26.2641      43.8104       2.0000            4
        7735      43.7040      52.9845      18.0165       2.0000            4
        7745      16.6668       9.3704      42.4231       2.0000            4
        7756      13.9700      34.5734      40.8919       2.0000            4
        7768      41.3919      38.4080      11.3295       2.0000            4
        7817      18.9515      13.9184      42.9121       2.0000            4
        7835       6.9360      12.7151      42.1877       2.0000            4
        7844      53.9926      27.8798      56.7974       2.0000            4
        7877      25.1513      21.3003      47.8297       2.0000            4
        7884      49.6566      50.1941      57.7252       2.0000            4
        7984      18.1892      39.2980      27.5702       2.0000            4
        7990      11.6124      39.5299      17.3449       2.0000            4
        7997      12.4222      12.6474      18.9383       2.0000            4
        7998      41.0968      32.5533      50.7971       2.0000            4
        8015      39.0809      26.7608      31.2246       2.0000            4
        8052      37.8538      12.2703      20.8074       2.0000            4
        8070      59.5455       7.2903      59.1594       2.0000            4
        8074      20.3623      36.9246      18.9455       2.0000            4
        8082      28.1812      45.0412      31.9965       2.0000            4
        8102      50.1710      15.1098      20.3915       2.0000            4
        8110      51.9494      44.6936      30.7889       2.0000            4
        8112      39.3888      16.7847      35.0419       2.0000            4
        8124      41.1714      53.3350      59.4360       2.0000            4
        8141      49.3497      37.2224       8.2156       2.0000            4
        8173      36.2165      57.4227      20.8315       2.0000            4
        8196      49.5303      11.0051      54.0244       2.0000            4
        8209      31.1566      24.4983      58.7057       2.0000            4
        8217      12.1236      13.0301      21.7284       2.0000            4
        8219      45.8971      51.8636      17.4035       2.0000            4
        8225      26.3430      43.9788      15.9965       2.0000            4
        8229      45.0271      30.6402      18.5194       2.0000            4
        8237      23.2702       8.9189      39.7554       2.0000            4
        8272      33.7295      24.9381      25.1440       2.0000            4
        8305      45.8367      51.2548       9.3574       2.0000            4
        8306      25.4992      44.1062      31.4403       2.0000            4
        8313      48.3371      26.9299       7.5132       2.0000            4
        8326      58.7140      45.9481      13.0270       2.0000            4
        8327      21.3621      26.0282      52.0780       2.0000            4
        8334      52.2093      13.5686      47.2011       2.0000            4
        8345      48.4487      55.9316      29.3602       2.0000            4
        8347      34.8511      53.8700      20.7928       2.0000            4
        8422      58.4182      47.6817      15.4410       2.0000            4
        8430      22.8365      16.6975      50.4690       2.0000            4
        8434      15.9955      30.5604      57.5042       2.0000            4
        8438      54.8044      22.0296       9.0037       2.0000            4
        8472      23.3226      16.2608      53.2984       2.0000            4
        8475      19.9271      59.3634      40.2078       2.0000            4
        8484      29.8945      52.0946      45.7319       2.0000            4
        8504      27.6546      59.1508      41.7484       2.0000            4
        8511      38.5787      47.6142      43.7522       2.0000            4
        8529      58.4960      15.1106      10.7089       2.0000            4
        8530      26.6716      43.5349      33.3449       2.0000            4
        8532      25.8155      36.4432      58.1528       2.0000            4
        8535      21.0508      23.6403      26.9376       2.0000            4
        8536      21.0707      58.9559      42.7115       2.0000            4
        8545      59.3634      22.2139      32.6725       2.0000            4
        8549      52.7511      22.5078      59.5035       2.0000            4
        8550      24.6913      44.1367      42.3849       2.0000            4
        8554      19.4665      28.0938      57.2972       2.0000            4
        8560      31.7119      14.2809      39.7712       2.0000            4
        8565      18.3682      48.2863      41.9506       2.0000            4
        8580      41.3795      15.0928      25.9805       2.0000            4
        8588      26.5046      46.2344      12.1787       2.0000            4
        8590      47.0305      51.4486      13.9185       2.0000            4
        8591      40.5646      14.1159      24.0294       2.0000            4
        8602      45.1674      10.1361      26.9405       2.0000            4
        8614      58.3847      15.4555      38.2245       2.0000            4
        8625      35.0690      12.3800      21.0530       2.0000            4
        8641      55.3185      57.6257      39.6859       2.0000            4
        8644      25.7156      54.0961      59.0078       2.0000            4
        8653      20.5043       7.4613      15.3896       2.0000            4
        8660      28.5373      45.0624      39.2233       2.0000            4
        8664      26.5844      23.7080      48.3948       2.0000            4
        8702      31.5663      43.1224      57.9151       2.0000            4
        8729      34.5534      39.7332      12.4506       2.0000            4
        8744      35.3876      14.5687      38.4719       2.0000            4
        8819      36.3534      11.2267      31.3632       2.0000            4
        8861      58.2900      24.3360      32.3747       2.0000            4
        8862      49.0461      10.0779      51.9049       2.0000            4
        8882       9.0709      57.6640      59.2195       2.0000            4
        8890      17.0003      32.4951      55.7064       2.0000            4
        8891      47.5490      35.5533      42.6238       2.0000            4
        8932      32.5775      53.8489      53.4794       2.0000            4
        8956      24.5993      31.9337      57.3337       2.0000            4
        8962      59.4114      13.1452      37.9762       2.0000            4
        8967      45.5148      15.6206      38.8347       2.0000            4
        8981      36.5110      10.3656      55.7341       2.0000            4
        9066      45.5741      52.9704      34.9713       2.0000            4
        9067      26.8457      37.2336      21.8705       2.0000            4
        9072      55.1718      46.7674      57.4446       2.0000            4
        9078       6.7943      17.6391      45.0205       2.0000            4
        9097      29.7915      43.6887      55.6650       2.0000            4
        9123      47.1602      36.2571      49.0793       2.0000            4
        9133      21.9161      20.7590      29.8869       2.0000            4
        9137      53.4392      23.8091      44.4861       2.0000            4
        9164      45.3580      20.9237      21.1842       2.0000            4
        9169      26.0071      21.1089      35.4252       2.0000            4
        9189      47.4720      50.3742      11.2060       2.0000            4
        9198      28.6356      31.4175      43.6967       2.0000            4
        9201      11.1813      41.9125      41.1187       2.0000            4
        9209      42.2265      55.2024       7.4942       2.0000            4
        9212      23.1481      52.6092      32.5702       2.0000            4
        9233      38.2549      47.0836      21.9202       2.0000            4
        9244      29.5973       7.9533      44.3006       2.0000            4
        9256      33.3824      52.4235      20.1927       2.0000            4
        9271      44.1398      30.1704      30.0089       2.0000            4
        9279      25.2608      30.5607      37.1761       2.0000            4
        9296      12.2281      39.0947      22.2647       2.0000            4
        9302      56.4179      41.3554      28.5566       2.0000            4
        9327      21.2360      10.6739      33.5198       2.0000            4
        9340      57.6558      46.8332      57.3832       2.0000            4
        9346      58.4430      58.3501      26.3879       2.0000            4
        9352      41.1299      21.0981      56.3900       2.0000            4
        9354      41.1082      45.0878      24.1499       2.0000            4
        9407      53.0488      37.7434      43.6755       2.0000            4
        9424      27.6046      22.2011      46.5627       2.0000            4
        9435      10.7141      28.6167      49.2919       2.0000            4
        9439      47.3930      36.8516       9.2339       2.0000            4
        9441      56.1840      15.2892      11.6745       2.0000            4
        9442      59.0436      51.7588      33.2282       2.0000            4
        9453      40.1258      30.6296       9.7438       2.0000            4
        9455      18.3637      30.6234      56.8304       2.0000            4
        9498      14.0377      47.4271      15.6193       2.0000            4
        9503      39.7663      19.7925      38.7773       2.0000            4
        9533      44.0954      26.8986      22.6649       2.0000            4
        9550      50.1439      41.3725      30.3505       2.0000            4
        9568      37.6552      34.4092       8.4752       2.0000            4
        9594      47.2077      40.6340      29.3404       2.0000            4
        9601      30.6603      39.5518      28.8235       2.0000            4
        9603      38.5427      22.4312      13.1744       2.0000            4
        9614      57.0392      60.0200      27.6037       2.0000            4
        9645      47.6439      33.5512      40.8140       2.0000            4
        9650      45.7695      30.3561       8.0976       2.0000            4
        9667      55.5837      26.2467      56.5840       2.0000            4
        9697      43.4783       8.8984      28.7341       2.0000            4
        9721      47.7132      13.0800      16.6164       2.0000            4
        9723      32.7623      37.2883      15.6840       2.0000            4
        9738      44.9280       7.4337      27.1248       2.0000            4
        9747      23.4758      43.4513      40.9053       2.0000            4
        9756      59.5889      15.3989      44.8266       2.0000            4
        9765      28.6482      23.5019      14.9778       2.0000            4
        9777      48.2372      27.1523       9.6613       2.0000            4
        9788      32.4763      40.7059      28.6799       2.0000            4
        9809      58.5473      23.5428      42.8469       2.0000            4
        9810      28.3848      31.7387      41.4100       2.0000            4
        9841      20.6332      55.4768      56.3284       2.0000            4
        9851      25.0546      45.4159      10.8032       2.0000            4
        9859      11.4992      36.9809      43.0163       2.0000            4
        9860      17.2694      59.9768      39.4877       2.0000            4
        9880      20.2319      30.1115      56.4767       2.0000            4
        9904      52.4321      19.9830      45.7634       2.0000            4
        9905      36.4753      55.3105      26.1813       2.0000            4
        9907      58.4179      42.6472      28.7113       2.0000            4
        9915      49.0074      51.5833      56.2432       2.0000            4
        9921      34.2013      58.1542      21.4525       2.0000            4
        9928      25.8998      41.9722      14.1732       2.0000            4
        9954      20.3213      50.9312      47.8586       2.0000            4
        9960      12.5469      13.6513      27.5557       2.0000            4
        9966      54.2558      53.0013      43.1800       2.0000            4
        9997      34.9300      55.6271      22.8185       2.0000            4
       10006      56.7804      20.9273      43.4190       2.0000            4
       10030      45.1364      29.2886      23.0089       2.0000            4
       10045      36.5740      46.6385      23.6928       2.0000            4
       10054      30.1409      47.3574      38.5525       2.0000            4
       10076      59.0852      59.1185      28.6996       2.0000            4
       10080       9.5551      24.4006      41.7417       2.0000            4
       10094      45.1447      28.0554      29.2603       2.0000            4
       10154      45.2386      28.6633      59.3085       2.0000            4
       10160       9.6121      39.9583      41.1833       2.0000            4
       10172      51.2605      20.9995      19.8829       2.0000            4
       10182      27.4973      16.8507      39.5586       2.0000            4
       10189      20.7793      46.0795      42.8465       2.0000            4
       10192      37.0478       9.9473      57.9994       2.0000            4
       10198      12.8759      59.4730      28.2292       2.0000            4
       10212      42.2209      55.3019      58.2910       2.0000            4
       10223      10.1469      35.0136      59.3532       2.0000            4
       10254      11.3273      37.8604      23.9791       2.0000            4
       10257      12.7017      13.8444      25.1759       2.0000            4
       10264      45.4585      22.8499      22.2399       2.0000            4
       10267      36.4922      46.9157      43.9751       2.0000            4
       10270      42.4071      45.7088      26.4267       2.0000            4
       10282      25.9646       7.5570      23.3396       2.0000            4
       10283       7.3900      15.1028      38.0853       2.0000            4
       10288      27.5747      48.7261      50.4756       2.0000            4
       10299      33.2085      14.6731      33.5506       2.0000            4
       10303      24.6102      41.8911      42.9716       2.0000            4
       10325      19.0005      55.5260      57.8172       2.0000            4
       10350      29.6635      15.3356      39.1566       2.0000            4
       10359      26.3007      50.6459      52.0975       2.0000            4
       10429      31.3979      16.4204      37.7910       2.0000            4
       10438      18.0623      14.5953      23.1897       2.0000            4
       10487      51.0422      14.5596      18.5795       2.0000            4
       10490      45.5646      52.0509      11.9393       2.0000            4
       10493      27.6740      22.0139      49.2370       2.0000            4
       10515      39.4925      22.4485      38.4121       2.0000            4
       10518      45.7617      52.1661      53.0870       2.0000            4
       10525      57.6851      36.7076      60.2189       2.0000            4
       10536      38.0366      56.7114      27.6707       2.0000            4
       10545      57.8868      53.5367      31.6316       2.0000            4
       10550      15.5026      16.7998      36.8564       2.0000            4
       10577      15.4379      59.1140      24.4856       2.0000            4
       10582      47.9047      56.4533      26.6458       2.0000            4
       10612      55.8160      24.0224      36.2869       2.0000            4
       10621      24.4578      19.9789      36.1681       2.0000            4
       10624      22.5420      17.9589      26.3704       2.0000            4
       10643      10.4593      42.3702      29.8772       2.0000            4
       10654      56.9663      44.2323      30.9413       2.0000            4
       10657      51.1488      23.1610      19.1517       2.0000            4
       10658      50.9333      36.0626      56.8424       2.0000            4
       10673      18.1560      56.4710      55.3378       2.0000            4
       10680      12.0409      42.8331      31.8320       2.0000            4
       10692      29.5162       8.4847      18.2203       2.0000            4
       10719      48.9699      13.1931      19.6920       2.0000            4
       10720      26.8716      34.7569      22.7269       2.0000            4
       10723      13.8721      57.2763      24.0905       2.0000            4
       10736      26.7721      36.5305      24.3724       2.0000            4
       10742      17.7415      30.8282      53.2242       2.0000            4
       10744      28.7175       7.2876      46.6281       2.0000            4
       10756      12.8144      39.3457      15.2870       2.0000            4
       10757      27.2471      23.3833      28.9073       2.0000            4
       10780      50.2102      54.5886      44.6537       2.0000            4
       10783      46.7806      48.8634      14.7753       2.0000            4
       10785      23.1293      51.8458      30.3224       2.0000            4
       10790      47.1751      14.7372      37.0223       2.0000            4
       10796      25.3447      31.9836      25.6288       2.0000            4
       10798      47.4837      51.5200      51.9174       2.0000            4
       10819       8.1118      15.5246      46.0748       2.0000            4
       10873      43.2415      29.4492      17.4906       2.0000            4
       10875      33.3333      41.1015      52.5617       2.0000            4
       10885      12.3549      36.0807      59.2444       2.0000            4
       10913      25.0602      28.6892      19.8226       2.0000            4
       10923      47.1921      52.3875      33.6115       2.0000            4
       10944      34.5645      39.3032      15.1168       2.0000            4
       10947      54.0845      26.5825      54.7066       2.0000            4
       10955      26.6474      47.9031      52.5749       2.0000            4
       10963      46.7142      33.8437      48.7521       2.0000            4
       10972      45.0054      50.5760      14.0254       2.0000            4
       11009      34.7228      41.7278      14.5368       2.0000            4
       11028      10.4666      26.2017      28.3382       2.0000            4
       11040      31.7962      27.1602      26.2813       2.0000            4
       11045      39.4364      52.4207      13.9102       2.0000            4
       11047      29.0556      17.5776      37.8933       2.0000            4
       11068      17.8158      49.8797      11.2010       2.0000            4
       11075      38.9673      31.9440      15.1602       2.0000            4
       11078      48.0513      16.1889      56.5550       2.0000            4
       11107      41.4039      21.3606      39.4982       2.0000            4
       11112      32.4561      30.6688      43.8332       2.0000            4
       11134      23.6797       6.7687      41.1270       2.0000            4
       11141      18.8892      59.1366      42.3385       2.0000            4
       11151      23.9340      52.9493       7.8063       2.0000            4
       11153      48.3112      54.7176      43.4634       2.0000            4
       11174      36.4670      21.1045      12.3370       2.0000            4
       11185      45.4494      52.7344      50.8341       2.0000            4
       11187      43.2862      45.9204      13.7989       2.0000            4
       11208      47.4984      54.0014      52.1389       2.0000            4
       11216      12.1297      35.5339      57.1820       2.0000            4
       11229      28.4170      53.9208      44.3349       2.0000            4
       11240      34.4600      41.8105      11.9686       2.0000            4
       11246      39.3408      36.2250       8.2684       2.0000            4
       11254      10.7122      10.9959      19.9266       2.0000            4
       11271      37.7068      32.7002      13.1890       2.0000            4
       11284      53.5698      26.3608      37.2789       2.0000            4
       11286      27.5347      54.4464      52.8346       2.0000            4
       11307      37.7613      33.3033      35.2192       2.0000            4
       11319      17.8049      33.0943      52.7333       2.0000            4
       11326      30.4607      12.5300      30.0599       2.0000            4
       11349      12.3313      54.3927      41.3198       2.0000            4
       11374      24.2615      10.7971      34.9400       2.0000            4
       11377      23.1259      29.4110      57.3261       2.0000            4
       11438       9.2890      54.0039      34.8994       2.0000            4
       11441      34.2205      27.9420      28.3443       2.0000            4
       11458      29.4601      13.8180      27.5350       2.0000            4
       11462      20.3278      24.5772      53.7553       2.0000            4
       11478       9.9190      37.3370      58.1706       2.0000            4
       11496       7.9774      52.3980      34.0254       2.0000            4
       11498      51.1190      33.8427      58.2713       2.0000            4
       11500      57.0096      60.1949       7.1676       2.0000            4
       11506      59.2063      52.1259      29.1909       2.0000            4
       11521      58.0207      23.0314      34.3209       2.0000            4
       11554      26.8452      26.8186       9.6377       2.0000            4
       11575      21.2608      47.0011      10.8952       2.0000            4
       11629      47.9849      41.8547      30.7938       2.0000            4
       11641       9.9387      22.0734      40.6699       2.0000            4
       11643      54.6365      52.7306      29.0333       2.0000            4
       11653      19.8062      25.1142      27.8493       2.0000            4
       11666      27.1401      29.4223      38.7042       2.0000            4
       11688       7.4235      58.8840       7.0329       2.0000            4
       11724      49.3655      17.5452      55.1355       2.0000            4
       11740      17.5681      16.0452      42.9367       2.0000            4
       11745      28.8678      24.6988      57.2900       2.0000            4
       11769      50.1857      57.7328      27.4656       2.0000            4
       11787      50.0376      55.0962      42.0900       2.0000            4
       11792      38.3913      50.3312      30.1304       2.0000            4
       11798      52.9537      39.3715      45.2329       2.0000            4
       11799      48.9174      54.1936      22.8808       2.0000            4
       11806      50.6350      52.8485      57.7194       2.0000            4
       11858      28.0859      47.5018      38.0781       2.0000            4
       11861      50.0537      52.8878      42.9557       2.0000            4
       11868      50.7134      36.9434      30.8351       2.0000            4
       11928      35.1501      58.2986      23.5269       2.0000            4
       11955      45.8980      20.8145      23.6405       2.0000            4
       11980      56.7650      33.1103      41.2739       2.0000            4
       11985      32.0453      17.2287      34.4375       2.0000            4
       12018      22.7579       8.2787      15.6272       2.0000            4
       12057      27.7696      35.4627      56.8846       2.0000            4
       12068      28.2553      24.4880      26.8061       2.0000            4
       12083      25.8576      18.6866      34.3960       2.0000            4
       12087      54.8692      55.1339      42.5100       2.0000            4
       12099      21.2066      19.2196      25.6966       2.0000            4
       12165      43.4103      14.3422      24.1196       2.0000            4
       12197      35.0853      52.6688      18.2144       2.0000            4
       12208      57.4276      58.4957      40.8370       2.0000            4
       12218      43.8727      46.3627      48.9971       2.0000            4
       12234      28.4979      33.7435      10.3392       2.0000            4
       12235      55.3022      54.9393      57.5887       2.0000            4
       12241      35.1805      22.3341      13.6208       2.0000            4
       12246      26.1708      33.6945       9.3797       2.0000            4
       12247      18.0080      16.0433      37.5713       2.0000            4
       12261      10.1957      39.8890      23.0823       2.0000            4
       12303      40.4061      21.1056      36.8394       2.0000            4
       12308      32.8290      38.4331      28.0695       2.0000            4
       12349      52.5725      35.8930      29.8031       2.0000            4
       12351      30.8412      14.3352      37.3514       2.0000            4
       12372      25.3909      45.8629       8.4290       2.0000            4
       12377      28.3006      51.8579      43.1366       2.0000            4
       12445      50.5190      35.9319      59.4444       2.0000            4
       12452      40.9706      25.5036      32.8472       2.0000            4
       12461      13.3870      30.8410      22.0793       2.0000            4
       12462      20.1533      13.2790      22.1047       2.0000            4
       12465      46.6980      29.3019      29.2003       2.0000            4
       12477      29.6374      24.3523      29.0230       2.0000            4
       12507      55.2406      43.5422      32.8008       2.0000            4
       12518      55.2291      20.1551      45.7077       2.0000            4
       12519      37.6494      48.2869      28.8694       2.0000            4
       12545      47.7513      22.3034      22.1892       2.0000            4
       12556      27.8854      31.8192      25.5296       2.0000            4
       12557      14.6778      25.8560      29.0416       2.0000            4
       12569      42.3027      40.3669      17.6787       2.0000            4
       12583      22.3445      41.9672      42.2597       2.0000            4
       12599      36.3028      26.3546      28.0356       2.0000            4
       12603      12.7458      25.3875      29.7833       2.0000            4
       12625      48.7332      14.7177      17.8149       2.0000            4
       12632      36.9972      31.0751      34.0434       2.0000            4
       12641      24.4419      32.5845      44.7283       2.0000            4
       12646      26.0123      30.9228      42.8643       2.0000            4
       12647      31.8831      40.6945      26.5320       2.0000            4
       12693      59.6081      14.2048      40.4594       2.0000            4
       12750      27.6001      46.1311       9.0616       2.0000            4
       12765      59.0532      54.8230      29.7614       2.0000            4
       12770      27.5562      17.8032      32.6837       2.0000            4
       12772      55.5118      52.6560      55.7959       2.0000            4
       12789      36.5012      31.8074      11.3892       2.0000            4
       12791      49.1654      39.8080      50.0508       2.0000            4
       12829      22.1646      31.4778      56.5526       2.0000            4
       12857      42.3772      48.7573      13.7497       2.0000            4
       12879       8.6283      53.4026      37.2477       2.0000            4
       12897      12.9133      54.8461      38.7906       2.0000            4
       12902      36.0134      32.1945      54.9826       2.0000            4
       12914      17.4764      16.4923      11.4448       2.0000            4
       12958      34.8967      26.6116      25.9645       2.0000            4
       12988      32.4501      15.6256      35.8943       2.0000            4
       12989      15.3600      17.5859      11.2635       2.0000            4
       13016      37.5967       8.6198      45.4308       2.0000            4
       13045      42.6092       8.2042      26.3343       2.0000            4
       13050      37.0506      17.4971      35.3299       2.0000            4
       13067      15.6606      57.1681      26.3534       2.0000            4
       13080      51.5930      25.7542      45.3578       2.0000            4
       13093      36.3667       7.2725      47.0119       2.0000            4
       13164      47.8923       9.4788      53.8891       2.0000            4
       13194      25.6965      28.3467      22.2451       2.0000            4
       13201      32.3354      39.4369      15.6400       2.0000            4
       13210      33.0656      54.5458      18.2992       2.0000            4
       13263      26.7860      43.6618       7.8639       2.0000            4
       13277      42.5451      30.5114      50.4330       2.0000            4
       13297      12.7026      39.8543      24.3333       2.0000            4
       13310       7.7561      30.9162      19.0618       2.0000            4
       13325      39.1476      32.2500      55.7340       2.0000            4
       13328       9.2415      59.3885       8.1249       2.0000            4
       13340      13.0516       7.7173      26.6088       2.0000            4
       13344      51.9810      33.2845      13.1845       2.0000            4
       13356      57.7690      27.7742      26.5413       2.0000            4
       13384      44.2829      47.9412      12.3954       2.0000            4
       13403      18.9268       9.5605      43.1240       2.0000            4
       13421      21.7394      28.2863      55.5053       2.0000            4
       13450      27.8314      25.0764      13.6239       2.0000            4
       13467      20.0064      15.7841      21.4791       2.0000            4
       13473      39.8782      35.4440      10.5895       2.0000            4
       13517      52.1083      22.1156       8.3044       2.0000            4
       13529      45.4734      46.5597      13.7649       2.0000            4
       13540      41.2635      31.3240      16.9572       2.0000            4
       13546      23.5603       7.9496      23.7435       2.0000            4
       13566      42.4821      36.1121      12.2736       2.0000            4
       13568      50.5806      42.1483      49.2381       2.0000            4
       13592      25.6241      27.8220      37.0541       2.0000            4
       13602      24.5183      59.8739      21.8668       2.0000            4
       13616      29.5824      58.9066      40.1840       2.0000            4
       13620      22.4840      25.0773      27.3877       2.0000            4
       13624      31.3668      37.5407      30.6046       2.0000            4
       13633      16.3433      48.0166      40.9055       2.0000            4
       13642      43.9817      14.9375      36.8218       2.0000            4
       13663      21.0216      26.5941      25.6157       2.0000            4
       13669      56.9687      45.7777      15.4856       2.0000            4
       13698      46.8234      44.9385      18.8011       2.0000            4
       13715      22.9534      33.1786      46.5530       2.0000            4
       13731      13.5870      23.4861      29.1160       2.0000            4
       13780      15.9700      15.5534      39.2389       2.0000            4
       13802      57.1448      16.8779      28.8121       2.0000            4
       13819      33.4359      15.6363      38.2417       2.0000            4
       13830      18.9124      28.6428      54.7923       2.0000            4
       13832      26.8579      36.0634       9.0539       2.0000            4
       13848      58.1536      38.8404      35.9526       2.0000            4
       13873      24.0732      32.0625      47.7988       2.0000            4
       13925      40.3000      55.7676      59.0183       2.0000            4
       13986      41.4879      53.3872      13.9691       2.0000            4
       13989      19.3276      21.8369      29.1845       2.0000            4
       13993      51.8172      55.0815      40.7448       2.0000            4
       13995      28.3273      52.4171      54.2724       2.0000            4
       14018      26.8912      32.9866      42.6001       2.0000            4
       14076      41.0698      51.4881      15.5527       2.0000            4
       14088      40.3552      46.6365      25.4960       2.0000            4
       14100      12.0243      35.1062      39.5741       2.0000            4
       14114      47.7642      15.8442      53.9623       2.0000            4
       14115      13.0543      58.4511      35.8002       2.0000            4
       14147      56.5706      44.8858      57.5647       2.0000            4
       14151      28.1445      34.1839      58.6129       2.0000            4
       14177      53.0912      22.5636      20.0991       2.0000            4
       14181      51.2369      42.7335      28.6807       2.0000            4
       14187      43.1224      51.0792      14.7345       2.0000            4
       14210      22.1818      46.1376      41.0147       2.0000            4
       14262      28.5165      34.5972       7.8660       2.0000            4
       14288      51.3820      50.6147      55.9618       2.0000            4
       14289      34.6953      26.2946      29.8338       2.0000            4
       14296       7.2645      30.1534      20.8554       2.0000            4
       14307      59.4397      32.1068      20.0940       2.0000            4
       14350      34.8429      30.5090      53.5082       2.0000            4
       14355      54.2497      23.7443      38.4267       2.0000            4
       14410      50.5234       8.5943      53.6063       2.0000            4
       14413      59.7451      39.2789      33.8989       2.0000            4
       14424      44.2851      42.4614      17.6071       2.0000            4
       14458      46.5117      25.5882       8.2973       2.0000            4
       14465      42.8305      41.4535      15.5880       2.0000            4
       14470      18.4684       7.8445      41.2383       2.0000            4
       14487      16.4432      26.8946      48.1188       2.0000            4
       14497      45.2891      53.6195      19.0389       2.0000            4
       14508      46.6606      14.8660      16.0363       2.0000            4
       14524      32.6050      40.1909      13.1795       2.0000            4
       14528      52.3166      54.5719      43.3288       2.0000            4
       14565       7.6056      32.3141      21.6350       2.0000            4
       14569      25.8737      47.6787      10.2481       2.0000            4
       14582      38.6335      18.8450      36.9451       2.0000            4
       14638      46.4847      48.7847      12.3286       2.0000            4
       14649      43.0983      32.7309      49.1398       2.0000            4
       14653       8.4743      28.1127      50.4905       2.0000            4
       14665      24.3123      47.2248      12.5529       2.0000            4
       14701      24.8528      51.7893      59.3592       2.0000            4
       14703      56.8020      30.9669      42.7092       2.0000            4
       14715      33.6208      55.5801      52.0914       2.0000            4
       14721      35.8919      57.7270      27.0616       2.0000            4
       14766      17.7961      50.7129      46.7508       2.0000            4
       14780      54.2240      20.7638       7.1543       2.0000            4
       14823      18.2632      42.1080      59.3134       2.0000            4
       14828      42.6195      44.9027      50.6368       2.0000            4
       14831      13.6876      33.2175      20.7363       2.0000            4
       14832      35.2197      54.6520      54.3190       2.0000            4
       14845      36.8100      30.0929      54.0730       2.0000            4
       14849      57.1219      30.4100      26.6152       2.0000            4
       14854      45.0286      27.6898       8.1687       2.0000            4
       14870      56.6972      46.6314      59.8027       2.0000            4
       14883      28.0937      15.3234      37.2518       2.0000            4
       14904      12.5803      56.0230      36.8770       2.0000            4
       15022      16.1685      12.3629      59.8759       2.0000            4
       15023      41.4063      32.0860      53.5055       2.0000            4
       15034      13.9088      58.5652      26.4469       2.0000            4
       15039      19.0202       8.0420      38.8067       2.0000            4
       15040      46.1138      28.6332      31.4015       2.0000            4
       15049      14.9675      45.1380      15.5272       2.0000            4
       15061      10.8695      53.2009      39.8929       2.0000            4
       15087      35.4219       9.0333      31.6067       2.0000            4
       15124      24.2042      53.9046      30.8300       2.0000            4
       15180      48.8021      24.7912       9.6321       2.0000            4
       15186      45.8232      44.2214      16.6735       2.0000            4
       15263      19.4782      39.0551      19.2447       2.0000            4
       15287      43.2301      38.4921      12.2783       2.0000            4
       15289      55.9648      28.7563      55.1558       2.0000            4
       15313      33.4221      27.5171      24.5952       2.0000            4
       15340      38.7942      48.2811      24.3059       2.0000            4
       15373      25.9297      16.3291      33.3159       2.0000            4
       15389      40.8643      30.0212      14.7230       2.0000            4
       15392      20.5036      50.5486      12.1179       2.0000            4
       15400      24.0165      43.2424      14.9388       2.0000            4
       15417      34.6190      20.1466      20.5084       2.0000            4
       15421      52.3161      39.9910      43.0399       2.0000            4
       15459      56.8396      57.7845      28.4440       2.0000            4
       15470      43.1598      28.6595      23.9904       2.0000            4
       15471      21.8805      48.6980       9.1394       2.0000            4
       15484      26.9996      35.9312      60.0638       2.0000            4
       15511      20.0619      20.5946      31.7043       2.0000            4
       15528      30.0970       7.6373      21.1942       2.0000            4
       15531      37.0683      33.4298      32.4265       2.0000            4
       15584      39.0840      45.6859      23.4030       2.0000            4
       15664      58.4737      59.9478      32.7792       2.0000            4
       15689      45.7060      55.0075      34.3031       2.0000            4
       15695      50.5652      31.4315      11.7189       2.0000            4
       15717      57.5813      42.7661      33.4839       2.0000            4
       15718      11.4939      35.1434      41.5467       2.0000            4
       15725      22.1935      38.8878      18.9887       2.0000            4
       15729      24.5162      30.5799      45.7466       2.0000            4
       15750       8.6299      13.9764      42.1866       2.0000            4
       15756      39.3326      32.2696      10.9799       2.0000            4
       15789      23.9483      18.3840      52.0817       2.0000            4
       15803      33.6624      38.6491      17.8599       2.0000            4
       15815      39.8106      28.6754       8.5579       2.0000            4
       15875      48.1351      43.0373      17.7349       2.0000            4
       15897      41.9209      49.0350      15.8718       2.0000            4
       15907       8.4294      42.4043      41.9781       2.0000            4
       15949      48.6387      42.7189      28.1848       2.0000            4
       15976      21.9264      12.0436      35.0412       2.0000            4
       15977      31.5331      14.2069      29.9508       2.0000            4
       16002      23.4203      54.1875      59.2697       2.0000            4
       16024      53.9921      32.9155      45.1939       2.0000            4
       16029       8.5293      38.6122       7.4354       2.0000            4
       16054      22.0905      60.0692      38.7033       2.0000            4
       16073      43.4456      28.9480       7.1982       2.0000            4
       16098      57.1227      34.5986       8.5481       2.0000            4
       16103      60.2239      53.8507      36.2335       2.0000            4
       16121       8.9751      30.5517      50.0745       2.0000            4
       16131      29.0611      59.3378      44.8231       2.0000            4
       16151      54.5339      39.9042      43.1706       2.0000            4
       16159      18.2391      47.3992      39.3158       2.0000            4
       16190      52.2484      33.4085      43.2736       2.0000            4
       16195      21.6817      17.9009      52.3020       2.0000            4
       16201       8.2782      56.0045      36.1304       2.0000            4
       16202      11.8989      31.5470      19.8219       2.0000            4
       16216      58.6066      58.5078      59.8698       2.0000            4
       16242      36.1923      32.7339      52.9963       2.0000            4
       16266      52.1591      52.5253      41.4403       2.0000            4
       16271      44.8166      49.8893      11.2254       2.0000            4
       16310      55.0019      16.2767      28.6543       2.0000            4
       16364      50.2143      55.5615      26.6886       2.0000            4
       16421      46.9546      34.2393      51.3371       2.0000            4
       16423       8.2116      39.5102      58.7930       2.0000            4
       16456      43.9209      43.8485      48.7994       2.0000            4
       16510      37.8993       9.1455      32.2263       2.0000            4
       16529      54.3133      54.8985      45.0636       2.0000            4
       16536      17.2575      40.5381      29.6985       2.0000            4
       16549      35.2531      33.1005      33.9075       2.0000            4
       16585      56.0155      33.5615      44.0774       2.0000            4
       16639      46.2568      54.1008      32.3120       2.0000            4
       16654      19.8381      46.4976      41.0427       2.0000            4
       16729      57.4261      57.8304      33.6571       2.0000            4
       16739      48.2300      52.3780      22.1922       2.0000            4
       16743      32.7401      19.5995      19.3415       2.0000            4
       16747      35.7109      49.0393      43.1822       2.0000            4
       16760      27.3043      26.8696      11.9922       2.0000            4
       16767      59.3400      29.4267      25.2591       2.0000            4
       16793      52.0406      39.9789      49.2492       2.0000            4
       16848      14.7879      31.2244      20.0766       2.0000            4
       16858      51.1692      40.2835      51.1823       2.0000            4
       16880      57.6404      13.2330      12.1500       2.0000            4
       16883      15.7713      15.1243      12.1533       2.0000            4
       16898      24.9596      21.1314      33.3877       2.0000            4
       16909      36.6220       9.1075      29.4745       2.0000            4
       16927      12.0144      27.5730      29.7663       2.0000            4
       16935      36.9917      14.7601      21.1615       2.0000            4
       16948      52.3040      12.4435      44.9039       2.0000            4
       16953      49.0884      33.9710      49.9999       2.0000            4
       16974      34.9875      30.6965      43.3354       2.0000            4
       16986      44.8495      54.6004      16.3149       2.0000            4
       16987      32.6188      21.1091      21.7366       2.0000            4
       17020      14.7839      27.7886      54.5130       2.0000            4
       17038      24.9235      26.3005      23.0297       2.0000            4
       17070      21.1607      53.4430      31.0820       2.0000            4
       17073      53.5777      21.0240      47.8415       2.0000            4
       17075      47.7286      54.8580      46.2962       2.0000            4
       17143      16.4404      29.9334      54.8603       2.0000            4
       17145      27.3438      45.8834      60.2085       2.0000            4
       17150      20.4627      15.9120      23.6980       2.0000            4
       17151      37.1583      30.2413       9.5663       2.0000            4
       17156      27.6941      57.2279      40.3423       2.0000            4
       17168      58.2879      32.9491      43.3480       2.0000            4
       17175      21.6703      10.1657      14.4924       2.0000            4
       17194      49.3081      43.8835      30.4160       2.0000            4
       17223      10.6706      28.4471      51.3195       2.0000            4
       17239      53.1961      22.0552      45.6964       2.0000            4
       17248      14.3733      55.6370      35.0097       2.0000            4
       17252       9.6518      40.9568      31.8354       2.0000            4
       17280      45.3441      30.1587      16.2309       2.0000            4
       17292      27.0917      25.0232      24.2859       2.0000            4
       17351      14.5988      28.9534      56.3739       2.0000            4
       17353      28.9887      23.6828      59.8626       2.0000            4
       17363      24.7297      59.3783      24.7242       2.0000            4
       17371       9.1508       6.9245      59.3508       2.0000            4
       17394      27.7622      52.5164      51.9043       2.0000            4
       17403       9.5389      41.0839      43.3578       2.0000            4
       17406      30.8684      45.1007      56.7353       2.0000            4
       17412      57.4186      34.1989      59.7086       2.0000            4
       17426      26.1936      30.4825      23.8203       2.0000            4
       17476      32.5303      43.5834      53.0172       2.0000            4
       17539      40.2715      11.7701      19.8436       2.0000            4
       17540      11.8457      39.0395      40.7596       2.0000            4
       17554      48.3070      38.9361       9.7556       2.0000            4
       17560      16.5975      46.7282      16.6525       2.0000            4
       17579      29.0914      36.5297      23.2048       2.0000            4
       17582      55.6569       6.8078      39.6957       2.0000            4
       17585      15.6858      40.2135      28.0387       2.0000            4
       17621      58.0044      22.0607      45.1498       2.0000            4
       17649      38.2945      19.3278      34.6015       2.0000            4
       17652      18.9267      15.3062      44.7246       2.0000            4
       17681      49.9929      32.5401      13.9128       2.0000            4
       17696      46.2257      42.3911      18.6952       2.0000            4
       17704      34.8951      14.8726      36.0983       2.0000            4
       17712      33.5757      18.8638      22.0881       2.0000            4
       17714      15.0137       7.1042      26.6834       2.0000            4
       17719      23.4051      30.4663      54.8551       2.0000            4
       17726      18.0747      11.6981      43.6296       2.0000            4
       17741      54.6116      34.2543      42.3520       2.0000            4
       17796      50.5202      36.0313      28.2601       2.0000            4
       17797      50.9914      22.4992      21.8922       2.0000            4
       17816      53.7418      53.0266      57.9935       2.0000            4
       17837      51.5436      23.8498      43.1111       2.0000            4
       17868      59.3363      15.8382      47.3801       2.0000            4
       17901       7.1014      14.5564      35.9919       2.0000            4
       17943      49.0272      36.9112      11.2529       2.0000            4
       17991      28.5935      49.6348      52.0163       2.0000            4
       18068      18.0868      25.9055      46.8148       2.0000            4
       18080      26.5394      29.8936      26.5240       2.0000            4
       18105      42.6961      47.7608      24.5569       2.0000            4
       18110      56.7912      46.5361      13.6033       2.0000            4
       18121       9.8114      43.5522      32.2863       2.0000            4
       18132      53.9687      53.7481      40.8368       2.0000            4
       18145      55.5307      53.3786      27.1128       2.0000            4
       18180      28.2688      23.0763      12.5742       2.0000            4
       18199      55.8496      18.7154      27.8761       2.0000            4
       18241      36.4123       7.8805      57.0824       2.0000            4
       18265      25.5554      26.6047      20.4909       2.0000            4
       18305      27.5083      26.3592      22.4058       2.0000            4
       18307      27.2825      24.3118      10.5562       2.0000            4
       18357      12.2388      56.5410      34.5989       2.0000            4
       18361      37.9804      48.8421      26.1423       2.0000            4
       18375      37.9144      49.1838      42.4972       2.0000            4
       18408      17.0882      27.9854      53.5117       2.0000            4
       18419      57.2527      39.2787      33.3900       2.0000            4
       18437      41.7937      43.0720      17.2248       2.0000            4
       18443      17.8618      51.9185      11.3939       2.0000            4
       18446      46.9087      53.9381      21.2746       2.0000            4
       18452      54.5541      13.5036      45.7329       2.0000            4
       18469      36.4401      13.2537      19.0814       2.0000            4
       18488      22.6230      26.4597      54.3912       2.0000            4
       18523      49.0018      14.2716      14.9750       2.0000            4
       18535      38.7130      24.8561      32.7919       2.0000            4
       18540      24.1078      23.3751      21.1197       2.0000            4
       18541      18.5718      50.3882      13.3413       2.0000            4
       18544      39.3536      47.7323      27.4127       2.0000            4
       18555      45.5454      45.0966      50.4417       2.0000            4
       18593      16.8211      37.9167      28.2716       2.0000            4
       18594      10.2827      26.5597      31.0203       2.0000            4
       18597      40.0673      30.5130      54.5089       2.0000            4
       18626      33.3022      13.2278      37.1564       2.0000            4
       18637      45.5923      27.4418      24.8639       2.0000            4
       18661      30.1942      53.1644      52.2075       2.0000            4
       18672      11.4594      23.6771      39.8235       2.0000            4
       18673      21.1973      46.3598       8.6473       2.0000            4
       18677      14.8606      24.6019      26.7122       2.0000            4
       18693      56.6103      59.1714      38.1192       2.0000            4
       18704      18.3949      12.5401      59.1835       2.0000            4
       18762      55.1924      55.1256      28.8697       2.0000            4
       18807      21.8414       9.5326      35.6452       2.0000            4
       18840      38.5284      52.2340      28.6126       2.0000            4
       18939      34.5312      53.6870      51.5587       2.0000            4
       18945      18.9867      43.6172       8.3195       2.0000            4
       18951      49.8696      15.0075      55.2798       2.0000            4
       18974      16.7999      11.5503      57.5801       2.0000            4
       18979      11.4423      22.1218      42.1164       2.0000            4
       18980      10.8561      12.0630      26.6140       2.0000            4
       19006      19.1824      31.8076      54.7320       2.0000            4
       19015      39.7341      24.3747      30.6557       2.0000            4
       19035      45.1972      17.1593      36.9858       2.0000            4
       19066      13.1185      38.6064      43.1305       2.0000            4
       19091      39.1268      14.0351      20.2715       2.0000            4
       19102      16.3486      27.9611      45.6821       2.0000            4
       19114      34.6043      10.1203      58.1151       2.0000            4
       19120      46.7460      33.1885      42.9558       2.0000            4
       19128      33.9411      25.4953      27.5485       2.0000            4
       19155      59.2172      35.3980       7.5401       2.0000            4
       19191      18.4617      50.2978      48.7566       2.0000            4
       19192      48.5753      56.5311      43.9811       2.0000            4
       19212      45.7927      35.4034      41.0273       2.0000            4
       19222      56.2174      26.0130      37.5181       2.0000            4
       19246      16.7338      10.1432      59.8200       2.0000            4
       19250      52.1159      36.8725      59.1228       2.0000            4
       19252      49.9236      53.7451      20.9562       2.0000            4
       19256      15.7228      14.2805      37.4835       2.0000            4
       19262      11.9222      33.5308      58.6312       2.0000            4
       19279      19.0499      41.0855       7.8342       2.0000            4
       19292      10.5384      13.8395      19.8321       2.0000            4
       19295      18.7705      54.4229      54.8733       2.0000            4
       19300      57.0784      53.6333      29.3223       2.0000            4
       19341      31.2768       7.2530      46.0516       2.0000            4
       19398      37.6949      33.8113      10.5999       2.0000            4
       19414      32.2878      43.0427      55.7992       2.0000            4
       19422      20.6639      42.4545       6.7873       2.0000            4
       19424      12.7584      27.6952      56.4182       2.0000            4
       19433      36.5695      51.9910      30.4614       2.0000            4
       19437      53.9855      54.5741      55.7999       2.0000            4
       19439      12.4936      27.7457      54.0651       2.0000            4
       19450      60.0630      52.8922      31.6289       2.0000            4
       19453       7.8231      36.6893      58.9553       2.0000            4
       19468      41.2712      38.0918      13.6404       2.0000            4
       19484      58.9309      29.6091      28.0252       2.0000            4
       19486      17.6876      11.5320      41.5381       2.0000            4
       19505      34.0218      30.2461      45.6580       2.0000            4
       19510      27.6391      59.5914      38.7892       2.0000            4
       19517      40.2505      33.8659       8.6526       2.0000            4
       19533      32.9229      38.9886      30.4663       2.0000            4
       19551      13.2239      52.7173      38.7449       2.0000            4
       19557      18.8062      52.6806      47.8740       2.0000            4
       19579      40.0847      33.4141      55.0432       2.0000            4
       19607      16.3983      29.9304      51.8763       2.0000            4
       19637      15.8288      47.1939      13.8585       2.0000            4
       19663      36.8970      23.4483      14.6672       2.0000            4
       19669      27.8941      42.9434      30.9831       2.0000            4
       19681      19.5951      44.1768      41.5833       2.0000            4
       19689      29.2880       9.7299      20.5934       2.0000            4
       19704      45.5096      28.3861      18.4930       2.0000            4
       19706      28.5747      22.4983      57.8227       2.0000            4
       19707      53.9342      35.3370      43.9573       2.0000            4
       19711      21.3852      22.4675      31.0039       2.0000            4
       19720      31.2531      41.7648      54.4197       2.0000            4
       19721      13.1441      37.1221      41.0110       2.0000            4
       19732      34.2373      32.6319      44.4531       2.0000            4
       19745      57.7122      41.0678      35.1433       2.0000            4
       19749      21.1591      37.5699      20.9350       2.0000            4
       19754      27.7952      25.9411      28.3908       2.0000            4
       19756      58.2859      57.8797      31.0292       2.0000            4
       19764      38.8684      30.0696      15.6997       2.0000            4
       19768      57.0958      42.0428      31.2243       2.0000            4
       19785      58.9521      40.8035      29.9065       2.0000            4
       19805      25.9364      44.4335      13.5240       2.0000            4
       19811      26.7455      29.4362      35.6369       2.0000            4
       19880      17.3241      50.1280      40.6258       2.0000            4
       19905      24.2891      24.3477      23.0812       2.0000            4
       19910      23.5403      46.4614       9.8484       2.0000            4
       19928      33.8719      41.4147      54.6465       2.0000            4
       19932      29.8811      41.6160      27.2359       2.0000            4
       19969       8.0152      12.4534      40.0574       2.0000            4
       19993      38.5567      28.6033      10.4736       2.0000            4
