    2.00     0.00     0.00     0.00     0.00     0.00     0.00
    4.00     0.00     0.00     0.00     0.00     0.00     0.00
    6.00     0.00     0.00     0.00     0.00     0.00     0.00
    8.00     0.00     0.00     0.00     0.00     0.00     0.00
   10.00     0.00     0.00     0.00     0.00     0.00     0.00
   12.00     0.00     0.00     0.00     0.00     0.00     0.00
   14.00     0.00     0.00     0.00     0.00     0.00     0.00
   16.00     0.00     0.00     0.00     0.00     0.00     0.00
   18.00     0.00     0.00     0.00     0.00     0.00     0.00
   20.00     0.00     0.00     0.00     0.00     0.00     0.00
   22.00     0.00     0.00     0.00     0.00     0.00     0.00
   24.00     0.00     0.00     0.00     0.00     0.00     0.00
   26.00     0.00     0.00     0.00     0.00     0.00     0.00
   28.00     0.00     0.00     0.00     0.00     0.00     0.00
   30.00     0.00     0.00     0.00     0.00     0.00     0.00
   32.00     0.00     0.00     0.00     0.00     0.00     0.00
   34.00     0.00     0.00     0.00     0.00     0.00     0.00
   36.00     0.00     0.00     0.00     0.00     0.00     0.00
   38.00     0.00     0.00     0.00     0.00     0.00     0.00
   40.00     0.00     0.00     0.00     0.00     0.00     0.00
   42.00     0.00     0.00     0.00     0.00     0.00     0.00
   44.00     0.00     0.00     0.00     0.00     0.00     0.00
   46.00     0.00     0.00     0.00     0.00     0.00     0.00
   48.00     0.00     0.00     0.00     0.00     0.00     0.00
   50.00     0.00     0.00     0.00     0.00     0.00     0.00
   52.00     0.00     0.00     0.00     0.00     0.00     0.00
   54.00     0.00     0.00     0.00     0.00     0.00     0.00
   56.00     0.00     1.00     0.00     0.00     0.00     0.00
   58.00     0.00     0.00     0.00     0.00     0.00     0.00
   60.00     0.00     4.00     0.00     0.00     0.00     0.00
   62.00     0.00     5.00     0.00     0.00     0.00     0.00
   64.00     1.00    21.00     1.00     0.00     0.00     0.00
   66.00     3.00    28.00     2.00     0.00     0.00     0.00
   68.00     2.00    59.00     2.00     0.00     1.00     0.00
   70.00     5.00    68.00     6.00     0.00     0.00     0.00
   72.00     8.00   103.00     7.00     0.00     0.00     0.00
   74.00    18.00   154.00     6.00     0.00     1.00     0.00
   76.00    34.00   183.00     5.00     0.00     3.00     0.00
   78.00    53.00   236.00    12.00     0.00     6.00     0.00
   80.00    74.00   264.00    10.00     0.00    17.00     2.00
   82.00   122.00   243.00    15.00     0.00    17.00     1.00
   84.00   198.00   325.00    14.00     0.00    20.00     1.00
   86.00   284.00   346.00    10.00     1.00    32.00     4.00
   88.00   411.00   384.00    16.00     0.00    57.00     3.00
   90.00   562.00   426.00    15.00     6.00    69.00     3.00
   92.00   728.00   413.00    11.00    10.00    65.00     0.00
   94.00  1002.00   422.00    20.00     8.00    93.00     0.00
   96.00  1254.00   408.00    15.00    17.00   104.00     0.00
   98.00  1461.00   389.00    16.00    22.00    77.00     0.00
  100.00  1666.00   396.00     9.00    16.00    80.00     0.00
  102.00  1863.00   350.00    13.00    23.00    92.00     1.00
  104.00  1942.00   343.00     8.00    38.00    91.00     0.00
  106.00  2046.00   348.00    12.00    38.00    81.00     3.00
  108.00  2146.00   283.00     4.00    56.00   101.00     3.00
  110.00  2006.00   263.00     4.00    70.00   113.00     0.00
  112.00  2009.00   235.00     5.00    77.00   119.00     0.00
  114.00  1957.00   207.00     2.00   104.00   136.00     0.00
  116.00  1743.00   206.00     3.00   143.00   131.00     1.00
  118.00  1519.00   166.00     1.00   186.00   104.00     0.00
  120.00  1441.00   173.00     3.00   177.00   123.00     2.00
  122.00  1195.00   141.00     2.00   236.00   133.00     1.00
  124.00  1079.00   122.00     1.00   240.00   129.00     0.00
  126.00   896.00   110.00     0.00   275.00   131.00     0.00
  128.00   755.00   117.00     1.00   338.00   122.00     1.00
  130.00   630.00   110.00     1.00   398.00   119.00     2.00
  132.00   553.00   114.00     0.00   394.00   120.00     0.00
  134.00   408.00   109.00     0.00   412.00   113.00     2.00
  136.00   359.00    87.00     2.00   441.00    89.00     1.00
  138.00   280.00    98.00     2.00   451.00    82.00     0.00
  140.00   210.00    74.00     0.00   465.00    86.00     0.00
  142.00   160.00    84.00     0.00   547.00    88.00     0.00
  144.00   139.00    76.00     0.00   510.00    55.00     0.00
  146.00    82.00    79.00     3.00   490.00    52.00     0.00
  148.00    86.00    72.00     1.00   542.00    42.00     2.00
  150.00    51.00    74.00     2.00   536.00    38.00     0.00
  152.00    39.00    69.00     2.00   550.00    30.00     0.00
  154.00    43.00    79.00     6.00   502.00    21.00     0.00
  156.00    23.00    79.00     2.00   484.00    21.00     0.00
  158.00    13.00    91.00     5.00   486.00    18.00     1.00
  160.00    19.00    94.00     4.00   457.00    16.00     0.00
  162.00    16.00    68.00     5.00   373.00    10.00     0.00
  164.00     9.00    80.00     3.00   350.00     6.00     0.00
  166.00    14.00    80.00     6.00   369.00    13.00     1.00
  168.00     2.00    76.00     5.00   286.00     9.00     0.00
  170.00     4.00    54.00     5.00   246.00     5.00     0.00
  172.00     4.00    70.00     4.00   231.00     8.00     0.00
  174.00     2.00    46.00     2.00   192.00     3.00     0.00
  176.00     3.00    44.00     2.00   144.00     3.00     1.00
  178.00     3.00    22.00     2.00   109.00     1.00     0.00
  180.00     1.00     9.00     0.00    49.00     1.00     0.00
    0.02     0.00     0.00     0.00     0.00     0.00     0.00
    0.04     0.00     0.00     0.00     0.00     0.00     0.00
    0.06     0.00     0.00     0.00     0.00     0.00     0.00
    0.08     0.00     0.00     0.00     0.00     0.00     0.00
    0.10     0.00     0.00     0.00     0.00     0.00     0.00
    0.12     0.00     0.00     0.00     0.00     0.00     0.00
    0.14     0.00     0.00     0.00     0.00     0.00     0.00
    0.16     0.00     0.00     0.00     0.00     0.00     0.00
    0.18     0.00     0.00     0.00     0.00     0.00     0.00
    0.20     0.00     0.00     0.00     0.00     0.00     0.00
    0.22     0.00     0.00     0.00     0.00     0.00     0.00
    0.24     0.00     0.00     0.00     0.00     0.00     0.00
    0.26     0.00     0.00     0.00     0.00     0.00     0.00
    0.28     0.00     0.00     0.00     0.00     0.00     0.00
    0.30     0.00     0.00     0.00     0.00     0.00     0.00
    0.32     0.00     0.00     0.00     0.00     0.00     0.00
    0.34     0.00     0.00     0.00     0.00     0.00     0.00
    0.36     0.00     0.00     0.00     0.00     0.00     0.00
    0.38     0.00     0.00     0.00     0.00     0.00     0.00
    0.40     0.00     0.00     0.00     0.00     0.00     0.00
    0.42     0.00     0.00     0.00     0.00     0.00     0.00
    0.44     0.00     0.00     0.00     0.00     0.00     0.00
    0.46     0.00     0.00     0.00     0.00     0.00     0.00
    0.48     0.00     0.00     0.00     0.00     0.00     0.00
    0.50     0.00     0.00     0.00     0.00     0.00     0.00
    0.52     0.00     0.00     0.00     0.00     0.00     0.00
    0.54     0.00     0.00     0.00     0.00     0.00     0.00
    0.56     0.00     0.00     0.00     0.00     0.00     0.00
    0.58     0.00     0.00     0.00     0.00     0.00     0.00
    0.60     0.00     0.00     0.00     0.00     0.00     0.00
    0.62     0.00     0.00     0.00     0.00     0.00     0.00
    0.64     0.00     0.00     0.00     0.00     0.00     0.00
    0.66     0.00     0.00     0.00     0.00     0.00     0.00
    0.68     0.00     0.00     0.00     0.00     0.00     0.00
    0.70     0.00     0.00     0.00     0.00     0.00     0.00
    0.72     0.00     0.00     0.00     0.00     0.00     0.00
    0.74     0.00     0.00     0.00     0.00     0.00     0.00
    0.76     0.00     0.00     0.00     0.00     0.00     0.00
    0.78     0.00     0.00     0.00     0.00     0.00     0.00
    0.80     0.00     0.00     0.00     0.00     0.00     0.00
    0.82     0.00     0.00     0.00     0.00     0.00     0.00
    0.84     0.00     0.00     0.00     0.00     0.00     0.00
    0.86     0.00     0.00     0.00     0.00     0.00     0.00
    0.88     0.00     0.00     0.00     0.00     0.00     0.00
    0.90     0.00     0.00     0.00     0.00     0.00     0.00
    0.92     0.00     0.00     0.00     0.00     0.00     0.00
    0.94     0.00     0.00     0.00     0.00     0.00     0.00
    0.96     0.00     0.00     0.00     0.00     0.00     0.00
    0.98     0.00     0.00     0.00     0.00     0.00     0.00
    1.00     0.00     0.00     0.00     0.00     0.00     0.00
    1.02     0.00     0.00     0.00     0.00     0.00     0.00
    1.04     0.00     0.00     0.00     0.00     0.00     0.00
    1.06     0.00     0.00     0.00     0.00     0.00     0.00
    1.08     0.00     0.00     0.00     0.00     0.00     0.00
    1.10     0.00     0.00     0.00     0.00     0.00     0.00
    1.12     0.00     0.00     0.00     0.00     0.00     0.00
    1.14     0.00     0.00     0.00     0.00     0.00     0.00
    1.16     0.00     0.00     0.00     0.00     0.00     0.00
    1.18     0.00     0.00     0.00     0.00     0.00     0.00
    1.20     0.00     0.00     0.00     0.00     0.00     0.00
    1.22     0.00     0.00     0.00     0.00     0.00     0.00
    1.24     0.00     0.00     0.00     0.00     0.00     0.00
    1.26     0.00     0.00     0.00     0.00     0.00     0.00
    1.28     1.00     0.00     0.00     1.00     0.00     0.00
    1.30     2.00     0.00     0.00     2.00     0.00     0.00
    1.32     4.00     0.00     0.00     4.00     0.00     0.00
    1.34     6.00     0.00     0.00     6.00     0.00     0.00
    1.36    13.00     3.00     0.00    15.00     1.00     0.00
    1.38    31.00     1.00     0.00    35.00     0.00     0.00
    1.40    84.00     4.00     0.00    84.00     1.00     0.00
    1.42   151.00    18.00     0.00   165.00     4.00     0.00
    1.44   214.00    24.00     0.00   235.00     8.00     0.00
    1.46   419.00    41.00     0.00   441.00    18.00     0.00
    1.48   651.00    66.00     1.00   688.00    24.00     0.00
    1.50   789.00    90.00     0.00   845.00    38.00     0.00
    1.52  1049.00   121.00     0.00  1127.00    44.00     2.00
    1.54  1318.00   151.00     3.00  1404.00    70.00     0.00
    1.56  1422.00   184.00     3.00  1527.00    86.00     0.00
    1.58  1634.00   199.00     2.00  1720.00   109.00     1.00
    1.60  1708.00   224.00     3.00  1816.00   120.00     0.00
    1.62  1637.00   275.00     6.00  1774.00   144.00     1.00
    1.64  1615.00   241.00     9.00  1729.00   139.00     0.00
    1.66  1472.00   273.00     5.00  1573.00   175.00     0.00
    1.68  1361.00   232.00     6.00  1444.00   156.00     2.00
    1.70  1183.00   219.00     8.00  1290.00   124.00     0.00
    1.72   989.00   255.00     6.00  1108.00   144.00     1.00
    1.74   912.00   205.00     5.00   968.00   155.00     0.00
    1.76   709.00   188.00     3.00   770.00   129.00     0.00
    1.78   569.00   180.00     2.00   625.00   127.00     0.00
    1.80   529.00   157.00     2.00   581.00   105.00     0.00
    1.82   360.00   158.00     7.00   399.00   126.00     0.00
    1.84   313.00   122.00     0.00   337.00    98.00     1.00
    1.86   245.00   122.00     3.00   270.00    98.00     2.00
    1.88   216.00   109.00     5.00   240.00    91.00     0.00
    1.90   144.00    86.00     2.00   166.00    66.00     0.00
    1.92   127.00    86.00     1.00   148.00    65.00     1.00
    1.94   102.00    80.00     3.00   121.00    65.00     0.00
    1.96    88.00    71.00     3.00    97.00    63.00     2.00
    1.98    79.00    67.00     6.00    82.00    70.00     0.00
    2.00    48.00    57.00     1.00    58.00    48.00     0.00
    2.02    48.00    52.00     2.00    51.00    51.00     0.00
    2.04    26.00    62.00     3.00    45.00    45.00     1.00
    2.06    24.00    46.00     3.00    30.00    43.00     0.00
    2.08    34.00    40.00     1.00    32.00    43.00     0.00
    2.10    13.00    49.00     3.00    24.00    41.00     0.00
    2.12    17.00    36.00     1.00    15.00    39.00     0.00
    2.14    13.00    58.00     6.00    22.00    54.00     1.00
    2.16    10.00    40.00     4.00    17.00    35.00     2.00
    2.18     7.00    43.00     1.00    11.00    39.00     1.00
    2.20     9.00    36.00     1.00    12.00    33.00     1.00
    2.22     5.00    29.00     2.00    10.00    26.00     0.00
    2.24     5.00    51.00     0.00     8.00    46.00     2.00
    2.26     7.00    32.00     2.00     4.00    36.00     1.00
    2.28     5.00    38.00     1.00     8.00    35.00     1.00
    2.30     7.00    19.00     1.00     6.00    20.00     1.00
    2.32     0.00     0.00     0.00     0.00     0.00     0.00
    2.34     0.00     0.00     0.00     0.00     0.00     0.00
    2.36     0.00     0.00     0.00     0.00     0.00     0.00
    2.38     0.00     0.00     0.00     0.00     0.00     0.00
    2.40     0.00     0.00     0.00     0.00     0.00     0.00
    2.42     0.00     0.00     0.00     0.00     0.00     0.00
    2.44     0.00     0.00     0.00     0.00     0.00     0.00
    2.46     0.00     0.00     0.00     0.00     0.00     0.00
    2.48     0.00     0.00     0.00     0.00     0.00     0.00
    2.50     0.00     0.00     0.00     0.00     0.00     0.00
    2.52     0.00     0.00     0.00     0.00     0.00     0.00
    2.54     0.00     0.00     0.00     0.00     0.00     0.00
    2.56     0.00     0.00     0.00     0.00     0.00     0.00
    2.58     0.00     0.00     0.00     0.00     0.00     0.00
    2.60     0.00     0.00     0.00     0.00     0.00     0.00
    2.62     0.00     0.00     0.00     0.00     0.00     0.00
    2.64     0.00     0.00     0.00     0.00     0.00     0.00
    2.66     0.00     0.00     0.00     0.00     0.00     0.00
    2.68     0.00     0.00     0.00     0.00     0.00     0.00
    2.70     0.00     0.00     0.00     0.00     0.00     0.00
    2.72     0.00     0.00     0.00     0.00     0.00     0.00
    2.74     0.00     0.00     0.00     0.00     0.00     0.00
    2.76     0.00     0.00     0.00     0.00     0.00     0.00
    2.78     0.00     0.00     0.00     0.00     0.00     0.00
    2.80     0.00     0.00     0.00     0.00     0.00     0.00
    2.82     0.00     0.00     0.00     0.00     0.00     0.00
    2.84     0.00     0.00     0.00     0.00     0.00     0.00
    2.86     0.00     0.00     0.00     0.00     0.00     0.00
    2.88     0.00     0.00     0.00     0.00     0.00     0.00
    2.90     0.00     0.00     0.00     0.00     0.00     0.00
    2.92     0.00     0.00     0.00     0.00     0.00     0.00
    2.94     0.00     0.00     0.00     0.00     0.00     0.00
    2.96     0.00     0.00     0.00     0.00     0.00     0.00
    2.98     0.00     0.00     0.00     0.00     0.00     0.00
    3.00     0.00     0.00     0.00     0.00     0.00     0.00
    3.02     0.00     0.00     0.00     0.00     0.00     0.00
    3.04     0.00     0.00     0.00     0.00     0.00     0.00
    3.06     0.00     0.00     0.00     0.00     0.00     0.00
    3.08     0.00     0.00     0.00     0.00     0.00     0.00
    3.10     0.00     0.00     0.00     0.00     0.00     0.00
    3.12     0.00     0.00     0.00     0.00     0.00     0.00
    3.14     0.00     0.00     0.00     0.00     0.00     0.00
    3.16     0.00     0.00     0.00     0.00     0.00     0.00
    3.18     0.00     0.00     0.00     0.00     0.00     0.00
    3.20     0.00     0.00     0.00     0.00     0.00     0.00
    3.22     0.00     0.00     0.00     0.00     0.00     0.00
    3.24     0.00     0.00     0.00     0.00     0.00     0.00
    3.26     0.00     0.00     0.00     0.00     0.00     0.00
    3.28     0.00     0.00     0.00     0.00     0.00     0.00
    3.30     0.00     0.00     0.00     0.00     0.00     0.00
    3.32     0.00     0.00     0.00     0.00     0.00     0.00
    3.34     0.00     0.00     0.00     0.00     0.00     0.00
    3.36     0.00     0.00     0.00     0.00     0.00     0.00
    3.38     0.00     0.00     0.00     0.00     0.00     0.00
    3.40     0.00     0.00     0.00     0.00     0.00     0.00
    3.42     0.00     0.00     0.00     0.00     0.00     0.00
    3.44     0.00     0.00     0.00     0.00     0.00     0.00
    3.46     0.00     0.00     0.00     0.00     0.00     0.00
    3.48     0.00     0.00     0.00     0.00     0.00     0.00
    3.50     0.00     0.00     0.00     0.00     0.00     0.00
    3.52     0.00     0.00     0.00     0.00     0.00     0.00
    3.54     0.00     0.00     0.00     0.00     0.00     0.00
    3.56     0.00     0.00     0.00     0.00     0.00     0.00
    3.58     0.00     0.00     0.00     0.00     0.00     0.00
    3.60     0.00     0.00     0.00     0.00     0.00     0.00
    3.62     0.00     0.00     0.00     0.00     0.00     0.00
    3.64     0.00     0.00     0.00     0.00     0.00     0.00
    3.66     0.00     0.00     0.00     0.00     0.00     0.00
    3.68     0.00     0.00     0.00     0.00     0.00     0.00
    3.70     0.00     0.00     0.00     0.00     0.00     0.00
    3.72     0.00     0.00     0.00     0.00     0.00     0.00
    3.74     0.00     0.00     0.00     0.00     0.00     0.00
    3.76     0.00     0.00     0.00     0.00     0.00     0.00
    3.78     0.00     0.00     0.00     0.00     0.00     0.00
    3.80     0.00     0.00     0.00     0.00     0.00     0.00
    3.82     0.00     0.00     0.00     0.00     0.00     0.00
    3.84     0.00     0.00     0.00     0.00     0.00     0.00
    3.86     0.00     0.00     0.00     0.00     0.00     0.00
    3.88     0.00     0.00     0.00     0.00     0.00     0.00
    3.90     0.00     0.00     0.00     0.00     0.00     0.00
    3.92     0.00     0.00     0.00     0.00     0.00     0.00
    3.94     0.00     0.00     0.00     0.00     0.00     0.00
    3.96     0.00     0.00     0.00     0.00     0.00     0.00
    3.98     0.00     0.00     0.00     0.00     0.00     0.00
    4.00     0.00     0.00     0.00     0.00     0.00     0.00
    4.02     0.00     0.00     0.00     0.00     0.00     0.00
    4.04     0.00     0.00     0.00     0.00     0.00     0.00
    4.06     0.00     0.00     0.00     0.00     0.00     0.00
    4.08     0.00     0.00     0.00     0.00     0.00     0.00
    4.10     0.00     0.00     0.00     0.00     0.00     0.00
    4.12     0.00     0.00     0.00     0.00     0.00     0.00
    4.14     0.00     0.00     0.00     0.00     0.00     0.00
    4.16     0.00     0.00     0.00     0.00     0.00     0.00
    4.18     0.00     0.00     0.00     0.00     0.00     0.00
    4.20     0.00     0.00     0.00     0.00     0.00     0.00
    4.22     0.00     0.00     0.00     0.00     0.00     0.00
    4.24     0.00     0.00     0.00     0.00     0.00     0.00
    4.26     0.00     0.00     0.00     0.00     0.00     0.00
    4.28     0.00     0.00     0.00     0.00     0.00     0.00
    4.30     0.00     0.00     0.00     0.00     0.00     0.00
    4.32     0.00     0.00     0.00     0.00     0.00     0.00
    4.34     0.00     0.00     0.00     0.00     0.00     0.00
    4.36     0.00     0.00     0.00     0.00     0.00     0.00
    4.38     0.00     0.00     0.00     0.00     0.00     0.00
    4.40     0.00     0.00     0.00     0.00     0.00     0.00
    4.42     0.00     0.00     0.00     0.00     0.00     0.00
    4.44     0.00     0.00     0.00     0.00     0.00     0.00
    4.46     0.00     0.00     0.00     0.00     0.00     0.00
    4.48     0.00     0.00     0.00     0.00     0.00     0.00
    4.50     0.00     0.00     0.00     0.00     0.00     0.00
    4.52     0.00     0.00     0.00     0.00     0.00     0.00
    4.54     0.00     0.00     0.00     0.00     0.00     0.00
    4.56     0.00     0.00     0.00     0.00     0.00     0.00
    4.58     0.00     0.00     0.00     0.00     0.00     0.00
    4.60     0.00     0.00     0.00     0.00     0.00     0.00
    4.62     0.00     0.00     0.00     0.00     0.00     0.00
    4.64     0.00     0.00     0.00     0.00     0.00     0.00
    4.66     0.00     0.00     0.00     0.00     0.00     0.00
    4.68     0.00     0.00     0.00     0.00     0.00     0.00
    4.70     0.00     0.00     0.00     0.00     0.00     0.00
    4.72     0.00     0.00     0.00     0.00     0.00     0.00
    4.74     0.00     0.00     0.00     0.00     0.00     0.00
    4.76     0.00     0.00     0.00     0.00     0.00     0.00
    4.78     0.00     0.00     0.00     0.00     0.00     0.00
    4.80     0.00     0.00     0.00     0.00     0.00     0.00
    4.82     0.00     0.00     0.00     0.00     0.00     0.00
    4.84     0.00     0.00     0.00     0.00     0.00     0.00
    4.86     0.00     0.00     0.00     0.00     0.00     0.00
    4.88     0.00     0.00     0.00     0.00     0.00     0.00
    4.90     0.00     0.00     0.00     0.00     0.00     0.00
    4.92     0.00     0.00     0.00     0.00     0.00     0.00
    4.94     0.00     0.00     0.00     0.00     0.00     0.00
    4.96     0.00     0.00     0.00     0.00     0.00     0.00
    4.98     0.00     0.00     0.00     0.00     0.00     0.00
    5.00     0.00     0.00     0.00     0.00     0.00     0.00
    5.02     0.00     0.00     0.00     0.00     0.00     0.00
    5.04     0.00     0.00     0.00     0.00     0.00     0.00
    5.06     0.00     0.00     0.00     0.00     0.00     0.00
    5.08     0.00     0.00     0.00     0.00     0.00     0.00
    5.10     0.00     0.00     0.00     0.00     0.00     0.00
    5.12     0.00     0.00     0.00     0.00     0.00     0.00
    5.14     0.00     0.00     0.00     0.00     0.00     0.00
    5.16     0.00     0.00     0.00     0.00     0.00     0.00
    5.18     0.00     0.00     0.00     0.00     0.00     0.00
    5.20     0.00     0.00     0.00     0.00     0.00     0.00
    5.22     0.00     0.00     0.00     0.00     0.00     0.00
    5.24     0.00     0.00     0.00     0.00     0.00     0.00
    5.26     0.00     0.00     0.00     0.00     0.00     0.00
    5.28     0.00     0.00     0.00     0.00     0.00     0.00
    5.30     0.00     0.00     0.00     0.00     0.00     0.00
    5.32     0.00     0.00     0.00     0.00     0.00     0.00
    5.34     0.00     0.00     0.00     0.00     0.00     0.00
    5.36     0.00     0.00     0.00     0.00     0.00     0.00
    5.38     0.00     0.00     0.00     0.00     0.00     0.00
    5.40     0.00     0.00     0.00     0.00     0.00     0.00
    5.42     0.00     0.00     0.00     0.00     0.00     0.00
    5.44     0.00     0.00     0.00     0.00     0.00     0.00
    5.46     0.00     0.00     0.00     0.00     0.00     0.00
    5.48     0.00     0.00     0.00     0.00     0.00     0.00
    5.50     0.00     0.00     0.00     0.00     0.00     0.00
    5.52     0.00     0.00     0.00     0.00     0.00     0.00
    5.54     0.00     0.00     0.00     0.00     0.00     0.00
    5.56     0.00     0.00     0.00     0.00     0.00     0.00
    5.58     0.00     0.00     0.00     0.00     0.00     0.00
    5.60     0.00     0.00     0.00     0.00     0.00     0.00
    5.62     0.00     0.00     0.00     0.00     0.00     0.00
    5.64     0.00     0.00     0.00     0.00     0.00     0.00
    5.66     0.00     0.00     0.00     0.00     0.00     0.00
    5.68     0.00     0.00     0.00     0.00     0.00     0.00
    5.70     0.00     0.00     0.00     0.00     0.00     0.00
    5.72     0.00     0.00     0.00     0.00     0.00     0.00
    5.74     0.00     0.00     0.00     0.00     0.00     0.00
    5.76     0.00     0.00     0.00     0.00     0.00     0.00
    5.78     0.00     0.00     0.00     0.00     0.00     0.00
    5.80     0.00     0.00     0.00     0.00     0.00     0.00
    5.82     0.00     0.00     0.00     0.00     0.00     0.00
    5.84     0.00     0.00     0.00     0.00     0.00     0.00
    5.86     0.00     0.00     0.00     0.00     0.00     0.00
    5.88     0.00     0.00     0.00     0.00     0.00     0.00
    5.90     0.00     0.00     0.00     0.00     0.00     0.00
    5.92     0.00     0.00     0.00     0.00     0.00     0.00
    5.94     0.00     0.00     0.00     0.00     0.00     0.00
    5.96     0.00     0.00     0.00     0.00     0.00     0.00
    5.98     0.00     0.00     0.00     0.00     0.00     0.00
    6.00     0.00     0.00     0.00     0.00     0.00     0.00
