          17      14.1931      10.4197      60.4276       1.0000            5
          64      12.9708      19.2549      64.2776       1.0000            5
         110       2.4067      16.6983      21.0718       1.0000            5
         118      44.2618      43.9245       7.1481       1.0000            5
         260       1.1543      30.5262       2.7308       1.0000            5
         277      20.9242      35.5827      46.8885       1.0000            5
         278      15.4170      58.0015      48.3715       1.0000            5
         301       9.9535       5.6664      24.6008       1.0000            5
         311      45.8198      63.8703       4.6911       1.0000            5
         325      58.8598      62.9730      58.9234       1.0000            5
         406      31.2295      22.9277      47.0871       1.0000            5
         477      27.6918      55.7255       4.7688       1.0000            5
         490      17.6214      34.9050      19.5598       1.0000            5
         546       9.9904      44.8567      41.1766       1.0000            5
         592      37.0300      61.0213      26.6242       1.0000            5
         602      49.4461      31.0263      31.3020       1.0000            5
         629       7.7736      45.6717      48.6410       1.0000            5
         631      17.7684      14.5119      52.7040       1.0000            5
         634      18.2126      12.9958      26.0338       1.0000            5
         717       5.0194      54.1976      58.4157       1.0000            5
         719      23.6060       9.1698      60.2097       1.0000            5
         735       5.2259      54.9093      45.7103       1.0000            5
         755       1.8258      32.8640      36.3144       1.0000            5
         811      39.5691      51.1576      45.7132       1.0000            5
         895      53.9482      51.6626      47.6646       1.0000            5
         936      30.6715       7.3988      29.3955       1.0000            5
         939       1.6819      31.3751       5.2663       1.0000            5
        1051      23.0362      49.1211      14.9983       1.0000            5
        1064       2.7664      54.1264      37.6083       1.0000            5
        1115      35.1981      19.7533      34.7150       1.0000            5
        1170      64.3253      49.9720      44.2468       1.0000            5
        1241      52.3128      12.6040      51.9784       1.0000            5
        1253      32.4632      46.1454      16.0427       1.0000            5
        1305      53.3642      50.1345       4.8085       1.0000            5
        1309      24.1166      50.8659      60.7466       1.0000            5
        1312      54.8135      44.7750      22.2328       1.0000            5
        1373       7.8777      54.1617      13.7422       1.0000            5
        1416       8.4675      55.5832      65.1607       1.0000            5
        1442      25.6178      49.2825      13.9442       1.0000            5
        1463       8.4924      13.9334      28.3301       1.0000            5
        1493      49.3825      51.2709      31.3437       1.0000            5
        1506      65.2414      11.6553      42.5338       1.0000            5
        1647      31.3830      26.9673      29.5216       1.0000            5
        1673      15.5200      19.9220      65.6465       1.0000            5
        1681      65.4785      59.3776      58.1062       1.0000            5
        1707      32.7059      54.2960      23.2165       1.0000            5
        1732      52.8168      26.1461      49.6309       1.0000            5
        1875       1.8946      53.5670      12.5104       1.0000            5
        1887       3.4247       9.7849      29.5053       1.0000            5
        1910      38.7180      30.1889      34.5597       1.0000            5
        1921      42.8717      22.6968      40.8478       1.0000            5
        1998      28.8858       5.5021      28.7260       1.0000            5
        2126      39.3718      12.1471       3.7305       1.0000            5
        2162      52.4605      26.0946       6.5065       1.0000            5
        2167       6.6066       9.7214      13.9151       1.0000            5
        2202      10.0478      63.9723       5.0770       1.0000            5
        2203      47.9845      29.3706      58.3969       1.0000            5
        2240      23.5954      47.2164       1.4340       1.0000            5
        2278      43.4204      24.9125      22.3920       1.0000            5
        2400       9.1751       5.6044      52.7607       1.0000            5
        2410      17.5461      22.5673       8.9698       1.0000            5
        2415      32.2259      65.8213      62.4592       1.0000            5
        2429      56.0083      14.7529      27.5308       1.0000            5
        2436      13.7420      38.1895      18.8614       1.0000            5
        2582      51.5696      50.3771      60.7870       1.0000            5
        2586      30.6660      22.8547      49.8994       1.0000            5
        2606      26.2296      48.8313      17.3968       1.0000            5
        2607      36.4665      49.5520       8.7275       1.0000            5
        2612       9.9225      41.7734      21.5653       1.0000            5
        2794      33.2123      24.7085      49.0144       1.0000            5
        2804       6.7618      38.0287      17.3786       1.0000            5
        2811      47.3474      27.3573      25.2793       1.0000            5
        2825      13.1412      36.3759      27.7382       1.0000            5
        2835      25.6289      19.8651      50.6775       1.0000            5
        2846      65.4350      13.6162       3.3171       1.0000            5
        2852       2.0402      66.1397      21.6763       1.0000            5
        2854      19.4517      19.8749      12.6507       1.0000            5
        2882      25.1222      45.8522      10.2970       1.0000            5
        2897      11.1664      23.9906      24.2988       1.0000            5
        2914      11.4199      49.2490      51.2035       1.0000            5
        2990      25.6323      27.4373      59.7624       1.0000            5
        3024      13.5672      57.5918      50.0269       1.0000            5
        3029      21.3306      43.0927      20.5872       1.0000            5
        3046      25.3797      57.3650       4.0389       1.0000            5
        3061       9.5489      26.2714      26.2120       1.0000            5
        3081      63.3720      64.0349      61.0788       1.0000            5
        3087      35.5142      37.5602       2.3466       1.0000            5
        3109       8.7468      14.3902       3.0231       1.0000            5
        3118      34.5404      52.3189      24.9136       1.0000            5
        3133      57.9283      60.4119      59.0793       1.0000            5
        3176      47.0913      37.6911      13.5222       1.0000            5
        3200      12.2715       5.8908      51.8900       1.0000            5
        3212       6.6644      36.9632      24.8245       1.0000            5
        3221      29.8893      44.7111      17.2176       1.0000            5
        3275      21.7955      33.7047      11.3548       1.0000            5
        3352      40.4319      39.4935      14.6785       1.0000            5
        3383      26.7181      31.1987       3.1512       1.0000            5
        3395       1.0287      13.6850      55.0934       1.0000            5
        3406      55.5118      19.8993      26.4194       1.0000            5
        3492      11.5360      55.6295       7.4880       1.0000            5
        3497       4.1840      57.5382      39.2907       1.0000            5
        3525      53.8155      58.6856       8.9406       1.0000            5
        3554      23.3651      50.8433      48.0003       1.0000            5
        3572      15.2072       6.7666      52.7295       1.0000            5
        3647      59.0854      48.0808      59.7240       1.0000            5
        3684      27.3943      29.4011      60.4048       1.0000            5
        3698      38.0579      58.1500      10.2684       1.0000            5
        3847       2.8238      43.6876      35.2442       1.0000            5
        3863      43.0368       5.7142      29.1990       1.0000            5
        3915      52.6858      13.7101      54.6268       1.0000            5
        3931      50.0954      19.6345      43.6781       1.0000            5
        3986      29.9134      13.0653      13.5109       1.0000            5
        4057      65.1905      50.9983      35.3023       1.0000            5
        4228      41.3486      21.4555      57.0834       1.0000            5
        4231      43.0094      12.2988       7.7283       1.0000            5
        4273      41.2134      61.4772      34.8964       1.0000            5
        4286      24.8637      28.3784      57.0008       1.0000            5
        4321      50.9449      60.5639      59.5139       1.0000            5
        4360      12.9402      29.0225      32.9517       1.0000            5
        4404      40.6248       5.4135       9.8848       1.0000            5
        4416       6.6804      11.0103      58.8084       1.0000            5
        4437      54.9526      47.5673      21.4028       1.0000            5
        4453      53.3289      50.1853      58.7258       1.0000            5
        4492      46.8994      54.3486      15.0341       1.0000            5
        4525      45.1692      23.7627      39.9420       1.0000            5
        4539      24.7483      16.8491      56.5650       1.0000            5
        4553      24.9301       5.1547      10.5402       1.0000            5
        4588      10.6840      20.6289       9.8681       1.0000            5
        4633      15.9989      63.8756      21.9555       1.0000            5
        4754       3.2992      55.1675      40.6545       1.0000            5
        4796      46.9864      62.9787       7.4210       1.0000            5
        4803       2.7061      30.4344      11.6566       1.0000            5
        4811      12.7682      54.5367      34.4219       1.0000            5
        4814      53.1058      38.5165      27.5005       1.0000            5
        4831      28.0735       7.7099      31.1190       1.0000            5
        4872      43.2473      15.3362      17.8627       1.0000            5
        4894      39.7946      35.4798       5.5000       1.0000            5
        4912      23.1484      42.9445      61.8798       1.0000            5
        4913      56.7450      48.0480      23.4056       1.0000            5
        4921      57.6453      58.7270      61.3201       1.0000            5
        4932      57.1810      29.5806      42.9325       1.0000            5
        4940      40.6735      50.4894      12.2688       1.0000            5
        4954       8.9944      23.7340      36.8314       1.0000            5
        4958       3.7948      38.1352      20.2470       1.0000            5
        5065      10.7572      10.2179      17.2743       1.0000            5
        5068      11.1886      41.8781      38.1509       1.0000            5
        5192      53.5958      40.2328      34.1716       1.0000            5
        5245       4.2496       1.4262       1.3883       1.0000            5
        5278      11.5240       5.4798       2.3289       1.0000            5
        5298      33.2458      59.1254      64.8672       1.0000            5
        5322      41.9418       7.4712      27.4203       1.0000            5
        5441      54.8901      13.9413      58.7403       1.0000            5
        5494      48.4019      39.8836      56.3617       1.0000            5
        5553      38.7912       1.3344      62.6686       1.0000            5
        5579      50.4770      20.1626      26.3668       1.0000            5
        5717      64.5918      48.8367      49.8914       1.0000            5
        5772      26.8697      51.9492      60.8057       1.0000            5
        5792      50.9303      47.3409      13.6468       1.0000            5
        5950      44.8988      14.4544      16.0064       1.0000            5
        5967      63.9412      57.7738      57.0459       1.0000            5
        5980      17.1963      31.1542      28.7372       1.0000            5
        6050      27.8420      62.2405       2.3829       1.0000            5
        6117      16.3943      35.1333      46.0871       1.0000            5
        6140      54.3364      35.7582       6.5566       1.0000            5
        6161      64.0571      12.5663       5.1774       1.0000            5
        6194      42.4407      59.6990      26.5278       1.0000            5
        6224      10.6434      22.0983      11.9120       1.0000            5
        6239      54.6599      41.1949      36.1522       1.0000            5
        6262      13.2031      64.1102       3.7070       1.0000            5
        6274       3.2879      33.1640      26.1608       1.0000            5
        6311      63.4283       9.7080      58.2504       1.0000            5
        6354      64.0726       1.0668      59.7247       1.0000            5
        6393      18.0424       4.3247      60.7782       1.0000            5
        6416      51.1716       9.3881      54.1427       1.0000            5
        6463      20.8639       8.0528      60.5635       1.0000            5
        6582      53.6786      47.2074       3.3401       1.0000            5
        6629      46.4861      16.3842      17.5805       1.0000            5
        6636      18.5409      36.6287      17.6560       1.0000            5
        6648      44.8983       6.2219      62.9283       1.0000            5
        6687      44.7544       4.9147      61.0778       2.0000            5
        6690      56.2107      31.2695      42.5492       2.0000            5
        6698       9.6660      46.0811      39.3891       2.0000            5
        6712      54.7231      26.0589      48.9552       2.0000            5
        6725      25.8138       3.9865       9.3958       2.0000            5
        6736      58.6332      30.3553      42.4911       2.0000            5
        6774      23.2334      33.0355      10.6798       2.0000            5
        6776      23.9676      48.4554      13.6435       2.0000            5
        6784      53.8415      25.4241       5.7669       2.0000            5
        6796      12.9017      39.7860      19.0490       2.0000            5
        6804      43.1375      21.3844      39.9605       2.0000            5
        6805      14.9504       9.0519      59.2129       2.0000            5
        6822      31.3410      45.9099      17.4691       2.0000            5
        6858       2.7861      10.0070      28.0355       2.0000            5
        6860      33.0882      27.6214      29.3009       2.0000            5
        6868      19.4911      36.7597      46.8330       2.0000            5
        6871      55.4777      46.9174      22.6554       2.0000            5
        6902      38.4969      29.1335      35.9900       2.0000            5
        6914      27.3441      63.7178       2.0407       2.0000            5
        6915      11.2869      11.0970      16.0157       2.0000            5
        6927       8.2885      24.5264      35.4229       2.0000            5
        6967      34.1598      52.8504      23.2896       2.0000            5
        7015      34.6708      23.8213      48.1201       2.0000            5
        7042       2.0992      30.0877       4.1668       2.0000            5
        7043      31.5462      21.1222      50.0939       2.0000            5
        7063      47.9997      53.3840      15.6407       2.0000            5
        7096      11.8659      20.5219      64.1352       2.0000            5
        7100      43.0281      17.2697      17.6158       2.0000            5
        7124      41.2842      38.5239      13.2683       2.0000            5
        7132      47.0401      38.9911      56.3820       2.0000            5
        7157      13.5498      11.8119      61.6038       2.0000            5
        7168      41.5574      13.0909       8.3754       2.0000            5
        7196      54.8565      50.2678      47.6820       2.0000            5
        7202      17.9875       5.7193      62.0205       2.0000            5
        7211      41.7436       5.6044      28.3730       2.0000            5
        7215      26.5576      58.4425       3.0098       2.0000            5
        7217      66.2136      48.5731      49.6517       2.0000            5
        7218      54.5361      15.4588      28.9312       2.0000            5
        7219      11.0387       4.7749      51.8890       2.0000            5
        7260       1.2047      42.8733      34.8430       2.0000            5
        7271      61.9892       8.3508      57.2268       2.0000            5
        7273      23.8063      48.8284       0.7813       2.0000            5
        7277      52.5853      50.0296      61.7767       2.0000            5
        7283      12.0521      63.8510       2.1989       2.0000            5
        7398       1.9624      52.6158      37.9617       2.0000            5
        7419      13.4862      62.6920       4.6306       2.0000            5
        7444      42.3702      61.5852      36.4244       2.0000            5
        7448      21.8044      43.6206      62.8318       2.0000            5
        7479       9.9324      24.5956      23.5516       2.0000            5
        7483      31.1752      65.6400      63.7998       2.0000            5
        7532       1.5499      11.0651      43.1945       2.0000            5
        7545      35.9308      36.8089       0.9634       2.0000            5
        7546      25.5603      28.1204      58.4358       2.0000            5
        7559      38.4339      29.0815      33.1378       2.0000            5
        7609      29.5113       9.0649      30.3851       2.0000            5
        7622       0.6662      15.0744       3.4254       2.0000            5
        7675      19.3958      15.7412      53.7031       2.0000            5
        7698      29.5482      42.9172      16.7372       2.0000            5
        7769      27.2204      53.5095       5.1507       2.0000            5
        7770       2.7878       0.7494       2.0238       2.0000            5
        7786      12.6383      52.5246      33.7357       2.0000            5
        7801      32.8449      60.0362      66.1143       2.0000            5
        7811      39.6832      14.0302       3.9681       2.0000            5
        7889      23.0991      52.3329      46.7034       2.0000            5
        7923      65.5456      65.5964      59.6159       2.0000            5
        7925      24.9191      27.2384      55.7926       2.0000            5
        7929       1.3820      52.1337      12.2382       2.0000            5
        7967       5.2272       0.8564       2.6948       2.0000            5
        7972       8.9678      55.5002      63.6108       2.0000            5
        7981      11.7868      56.8068      49.8415       2.0000            5
        7982      55.8817      21.1395      25.4189       2.0000            5
        8004       6.1262      53.3445      57.5849       2.0000            5
        8060      18.7539      36.5408      16.1303       2.0000            5
        8078      39.9026      22.1777      57.7508       2.0000            5
        8133      50.4277      51.1358      61.9826       2.0000            5
        8135      38.2687      48.4069       9.3677       2.0000            5
        8146      18.6728      13.1788      53.4062       2.0000            5
        8152      24.0427      49.7499      59.4839       2.0000            5
        8185      41.4350      23.7798      41.0594       2.0000            5
        8197      29.9649      24.6975      46.6888       2.0000            5
        8204      16.0707       7.7505      53.6681       2.0000            5
        8212      40.1406      62.0364      36.5791       2.0000            5
        8229      17.5593      20.0172      13.4342       2.0000            5
        8233      51.9404      50.5232      57.4913       2.0000            5
        8239      56.4274      44.6759      22.2499       2.0000            5
        8259      17.2185      16.0351      53.1469       2.0000            5
        8266      54.3813      43.3174      21.2102       2.0000            5
        8292       7.9188       5.3617      24.8667       2.0000            5
        8308      31.5508      59.4818      64.5074       2.0000            5
        8320       8.0950      52.8003      12.5551       2.0000            5
        8333      64.3932      62.9893      60.6140       2.0000            5
        8357      16.6850      22.6273      10.3889       2.0000            5
        8368      40.2315      51.3937      47.1473       2.0000            5
        8374       5.3817      54.4768      60.0590       2.0000            5
        8380      47.2873      25.9090      24.7915       2.0000            5
        8406       3.2948      53.2598      36.1105       2.0000            5
        8420      51.9743      15.0812      55.7648       2.0000            5
        8467      21.9921       9.0475      59.8500       2.0000            5
        8488      24.9743      49.0577      15.6583       2.0000            5
        8491      16.5054      21.3213      65.5818       2.0000            5
        8496      25.9921      29.8737       2.8119       2.0000            5
        8565      57.7962      56.8208      61.4672       2.0000            5
        8627      65.9359      13.0231      43.4796       2.0000            5
        8635       9.4248      54.4699      65.9134       2.0000            5
        8667      45.6181      53.7129      15.6334       2.0000            5
        8673      18.7604      12.9537      24.1909       2.0000            5
        8684      25.9940      17.3503      55.6133       2.0000            5
        8686      10.6597      54.7667       6.3003       2.0000            5
        8698      34.3521      20.0653      33.1453       2.0000            5
        8700      65.3669      13.7501      56.0657       2.0000            5
        8703      62.3607      64.1170      59.7991       2.0000            5
        8715       8.5378      54.8915      11.8214       2.0000            5
        8754      24.2873      18.8282      51.1198       2.0000            5
        8792      30.8631      25.6319      28.2306       2.0000            5
        8799       7.0485      13.5200      27.7903       2.0000            5
        8827       3.8726      33.9734      24.9766       2.0000            5
        8854      41.4933       6.6402      26.0513       2.0000            5
        8855      65.2495      60.2176      59.5378       2.0000            5
        8857      17.9529      32.9121      27.7018       2.0000            5
        8860      33.7798      54.8758      22.0508       2.0000            5
        8876       7.3710      11.9255      57.6393       2.0000            5
        8888      33.6508       0.7036      62.3388       2.0000            5
        8894      12.2925      37.3238      19.2229       2.0000            5
        8902      54.2404      45.9711      21.1562       2.0000            5
        8904       2.9143      64.7098      21.3134       2.0000            5
        8920      32.9914      57.4541      64.9648       2.0000            5
        8922      54.1557      14.7069      54.6081       2.0000            5
        8956      44.7196      14.9269      17.5227       2.0000            5
        8987      49.8017      39.0062      56.3469       2.0000            5
        8990       8.3010      10.0076      58.2901       2.0000            5
        8991      53.3901      13.2430      58.7070       2.0000            5
        8995       8.8539      62.9502       4.3260       2.0000            5
        9032      56.9670      13.9256      28.5554       2.0000            5
        9047      52.2881      24.3486      49.0555       2.0000            5
        9071       4.0044      15.7472      21.1449       2.0000            5
        9085      28.6777      30.2851       3.8021       2.0000            5
        9106      50.5615      52.9267      30.2943       2.0000            5
        9109      52.4873      57.7672       8.3519       2.0000            5
        9153       3.3181      29.3538      13.5527       2.0000            5
        9158      15.0669      18.8793      64.6260       2.0000            5
        9161      23.8577      50.0089      46.9108       2.0000            5
        9181      19.9223      18.9925      14.0729       2.0000            5
        9209      46.8594      36.2988      12.7721       2.0000            5
        9218      64.5360       2.6212      60.6108       2.0000            5
        9241      43.4295       6.4278      62.4749       2.0000            5
        9274      22.0662      36.4756      47.8537       2.0000            5
        9278      43.4028      15.2799      15.8977       2.0000            5
        9296      35.9696      53.5324      24.6168       2.0000            5
        9307      12.4575      36.4420      26.1676       2.0000            5
        9330      47.9977      31.0611      32.1828       2.0000            5
        9334      60.2150      47.2452      60.4960       2.0000            5
        9337       7.6126      13.2167       3.0164       2.0000            5
        9348      45.1828      24.8394      38.4763       2.0000            5
        9359      44.0919       5.0320      28.4080       2.0000            5
        9381      40.3434      60.1975      34.5528       2.0000            5
        9389      10.9701      25.8356      25.3943       2.0000            5
        9400      66.2284      65.0986      22.1798       2.0000            5
        9432      26.4254      56.1160       3.8464       2.0000            5
        9447      13.4469       6.2843      52.9272       2.0000            5
        9464      50.2446      61.9245      58.7079       2.0000            5
        9486      22.6010      35.0689      12.2010       2.0000            5
        9489      53.6542      39.9822      27.9935       2.0000            5
        9500      30.5586      44.1899      18.6821       2.0000            5
        9501      51.2926       7.6344      54.1827       2.0000            5
        9509       3.2893      54.2313      39.1864       2.0000            5
        9519      40.7790      58.7889      26.3235       2.0000            5
        9583      12.2031       6.3571       3.4306       2.0000            5
        9607      41.9205       6.2380       9.0652       2.0000            5
        9616      54.2580      42.7054      37.0020       2.0000            5
        9651      18.4815      18.8037      11.8242       2.0000            5
        9675      50.6541      31.7803      33.0771       2.0000            5
        9677      37.8207      57.6941      11.7279       2.0000            5
        9692      42.4078       3.9699      29.7481       2.0000            5
        9709      44.1365      23.8527      23.5656       2.0000            5
        9751      45.0274      43.8750       5.8818       2.0000            5
        9779       5.0670      10.3062      14.6671       2.0000            5
        9785      48.7387      30.6767      58.3517       2.0000            5
        9800      33.5308      44.8221      15.7437       2.0000            5
        9808       8.8793      24.2485      26.1153       2.0000            5
        9849      40.7716      40.9997      14.5167       2.0000            5
        9850       3.1451       1.0755      22.7721       2.0000            5
        9866      15.5849      10.5949      60.9589       2.0000            5
        9868       8.6569       4.3298      52.0411       2.0000            5
        9905      63.6787      56.1822      57.0008       2.0000            5
        9924       8.2840       9.7186      13.8117       2.0000            5
        9944      54.9244      46.6054       3.9155       2.0000            5
        9968      34.8638      59.4666      64.9894       2.0000            5
        9973      59.1368      59.1641      61.6910       2.0000            5
        9993       0.8530      31.6929      36.7917       2.0000            5
       10003      53.0248      27.7081       6.5781       2.0000            5
       10024      52.4441      24.5672       7.1505       2.0000            5
       10045      11.9167      21.1745      12.1406       2.0000            5
       10053      42.1947       8.9974      26.8602       2.0000            5
       10058      23.2761      17.6113      56.3526       2.0000            5
       10063       6.4051      44.7580      48.5814       2.0000            5
       10066       1.2396      30.2182      12.6083       2.0000            5
       10073      25.4549      46.4534       8.7958       2.0000            5
       10076      27.2971      20.2331      50.5025       2.0000            5
       10080       3.7250       1.2314      65.4324       2.0000            5
       10084      46.6117      30.9813      59.1892       2.0000            5
       10089      48.5067      49.9526      31.6907       2.0000            5
       10097      10.5120      46.8201      41.6466       2.0000            5
       10113      11.1994      41.6944      20.3744       2.0000            5
       10123      49.0887      47.6437      13.3497       2.0000            5
       10127      48.6077      27.2479      26.5644       2.0000            5
       10129      43.3465       7.3066      27.6563       2.0000            5
       10133      57.4495      29.0957      44.4188       2.0000            5
       10136      59.2208      49.2218      60.8257       2.0000            5
       10161       2.9521      35.0661      27.0719       2.0000            5
       10181      64.1869      50.5876      50.4749       2.0000            5
       10215      53.2136      27.9457      49.6468       2.0000            5
       10217      62.4177      11.0324      57.7975       2.0000            5
       10238      25.4885      29.7624      56.2383       2.0000            5
       10268      36.0511      48.6199       7.3975       2.0000            5
       10270       9.9581      25.6229      37.3695       2.0000            5
       10281      38.9673      51.0920      12.4309       2.0000            5
       10283       9.9721      41.9979      39.5242       2.0000            5
       10322      21.4638      42.3566      19.3434       2.0000            5
       10356       7.0903      36.8697      16.4969       2.0000            5
       10360      13.9422      27.9999      33.8043       2.0000            5
       10365      53.8818      14.8252      60.4413       2.0000            5
       10372      50.1885      18.4332      42.3992       2.0000            5
       10375       1.4280      32.8413       5.7096       2.0000            5
       10416      12.3655      24.2334      22.9365       2.0000            5
       10450       2.0088      12.3147      55.2232       2.0000            5
       10467      13.4016      56.0918      34.3626       2.0000            5
       10479      39.3841      39.1902      16.1233       2.0000            5
       10481      50.5063      59.0783      59.3275       2.0000            5
       10528      47.2085      37.1661      14.9989       2.0000            5
       10529      14.4368      37.4750      20.1579       2.0000            5
       10535      39.7058       6.8700       9.7748       2.0000            5
       10590       0.7394      49.8406      34.6155       2.0000            5
       10591      65.1602      13.7998      53.8902       2.0000            5
       10618      17.5598      38.1965      17.7566       2.0000            5
       10625      42.5610      61.9747      33.9931       2.0000            5
       10629      51.7700      48.8535      13.0229       2.0000            5
       10658      21.0960      44.5305      19.0164       2.0000            5
       10693      44.7830      13.9079      14.5241       2.0000            5
       10694      21.6317      50.8502      47.9410       2.0000            5
       10711      16.5497       3.8667      61.2641       2.0000            5
       10723      19.7886      37.4573      18.6390       2.0000            5
       10776      42.4729      22.4097      57.8192       2.0000            5
       10811      48.1425      41.4658      57.6522       2.0000            5
       10823      52.5042      46.6356      14.1543       2.0000            5
       10827      42.0479      61.0043      25.5331       2.0000            5
       10834      38.0001      35.4102       5.4277       2.0000            5
       10835      52.8928      46.0856       2.0996       2.0000            5
       10842      42.6991      42.5789       7.3256       2.0000            5
       10845      63.7991      12.6374       3.5152       2.0000            5
       10847      11.1111      35.7184      28.1831       2.0000            5
       10850      25.1825      25.6830      58.9888       2.0000            5
       10857      61.8915      63.0592      62.4857       2.0000            5
       10860       9.8486      27.8941      26.2566       2.0000            5
       10867      19.4748       3.8392      61.1720       2.0000            5
       10874      64.4381      10.4834      43.3411       2.0000            5
       10879       9.1172      44.9906      42.4835       2.0000            5
       10880      11.4524      40.2573      38.3769       2.0000            5
       10885      51.4826      38.7278      28.3856       2.0000            5
       10899      63.4549      65.8277      60.7708       2.0000            5
       10917      12.7688       9.2786      60.3725       2.0000            5
       10922      32.0827      23.8286      49.6940       2.0000            5
       10969      42.0507      51.1679      13.3732       2.0000            5
       10970       8.3530      36.6283      24.7389       2.0000            5
       10972      29.1990       4.0132      28.1085       2.0000            5
       11030      56.2241      58.1809      62.5098       2.0000            5
       11042      31.9727      24.4487      47.4268       2.0000            5
       11044      66.1065      30.7798       5.9924       2.0000            5
       11045      52.2862      40.5892      33.5273       2.0000            5
       11053      10.2939      41.8926      36.7188       2.0000            5
       11058      43.6781      26.1693      20.6165       2.0000            5
       11063      30.4824       6.1249      28.7935       2.0000            5
       11069      52.3398      60.0471      60.6058       2.0000            5
       11073      21.0811      32.2262      11.2518       2.0000            5
       11135      10.4044      42.2949      23.1053       2.0000            5
       11149      42.0421      21.6394      55.5616       2.0000            5
       11159      27.4990       5.1381      29.5678       2.0000            5
       11180      55.6847      29.1455      43.1221       2.0000            5
       11194      52.7977      38.9076      25.8616       2.0000            5
       11257       9.8959       5.9268      26.2156       2.0000            5
       11279      31.3888      27.9672      31.0959       2.0000            5
       11293      41.7050       5.6703      11.3165       2.0000            5
       11298      11.0122      23.5016      12.7802       2.0000            5
       11316      12.7816      30.3278      33.6477       2.0000            5
       11343      22.6167      45.4759       1.5568       2.0000            5
       11394      23.8314       6.2652      10.4094       2.0000            5
       11402      39.9218       4.7626       8.2854       2.0000            5
       11406      21.6979      33.2172      13.0050       2.0000            5
       11409      30.1692      22.9056      48.3178       2.0000            5
       11422      44.3786      64.0604       4.0485       2.0000            5
       11426      10.1314      13.8659      28.1108       2.0000            5
       11438      11.7017      27.9259      34.0026       2.0000            5
       11443       9.3577       6.7841      23.7746       2.0000            5
       11446      16.1788      30.1039      27.7806       2.0000            5
       11487      39.7894       4.3054      10.6043       2.0000            5
       11516      18.2004       2.9380      59.4207       2.0000            5
       11532      26.3428       6.2192       9.9804       2.0000            5
       11539      49.3227      30.1517      29.8261       2.0000            5
       11553      16.1497      63.3235      23.5126       2.0000            5
       11554       9.5049      43.6436      21.3557       2.0000            5
       11582       3.5592      57.7516      37.6469       2.0000            5
       11583       9.1117      57.0523      65.7069       2.0000            5
       11644      59.1430      59.5417      59.1154       2.0000            5
       11653       3.1284      42.9448      33.5124       2.0000            5
       11678      54.0445      39.1153      33.0592       2.0000            5
       11683      50.4064      46.1783      14.6262       2.0000            5
       11724       5.4918      10.2165      57.8740       2.0000            5
       11743      52.8722      40.5084      35.8887       2.0000            5
       11761      41.5049      35.6753       4.5205       2.0000            5
       11820      39.9059      58.3796       9.8768       2.0000            5
       11828      16.5253      33.5206      46.3740       2.0000            5
       11836      59.9350      62.5424      60.2284       2.0000            5
       11840      64.3674      48.6408      51.8693       2.0000            5
       11847       2.3231      53.5110      10.3300       2.0000            5
       11848      43.6925      23.7867      39.5579       2.0000            5
       11852      11.8679      21.9569       9.5595       2.0000            5
       11854       4.3021      30.3049      11.7072       2.0000            5
       11860       9.4686      25.5781      27.9036       2.0000            5
       11878      53.4420      60.2310       8.5451       2.0000            5
       11887      50.2620      21.6406      42.6299       2.0000            5
       11894      17.3979      65.3840      22.4357       2.0000            5
       11903      38.3918       3.1341      63.1870       2.0000            5
       11906      10.3638       6.9513      52.3818       2.0000            5
       11912      57.5260      49.4924      24.2469       2.0000            5
       11913      46.9640      28.8054      59.7447       2.0000            5
       11925      27.2581      31.3367       1.5962       2.0000            5
       11934      40.8455      11.4246       3.4643       2.0000            5
       11939      12.8839      54.2197       7.2618       2.0000            5
       11955      58.0416      46.9932      23.1139       2.0000            5
       11964       2.4275      56.7272      40.0694       2.0000            5
       11980      65.3745      52.1897      36.3678       2.0000            5
       11990      35.7948      57.9276      10.3608       2.0000            5
       12003      28.4748      11.9302      12.4377       2.0000            5
       12005       4.6178      43.6964      35.0620       2.0000            5
       12008      27.6084       9.0021      31.8298       2.0000            5
       12030      57.6241      63.8621      58.5724       2.0000            5
       12034      43.7310      58.8056      26.2065       2.0000            5
       12068      30.2119      13.4200      15.4914       2.0000            5
       12079      14.3984      63.2545       2.0112       2.0000            5
       12086      39.6520      35.5199       3.8447       2.0000            5
       12089      44.8398       7.5776      63.9245       2.0000            5
       12107      48.8758      51.5521      29.8016       2.0000            5
       12111      24.3280      57.3140       2.7803       2.0000            5
       12119      12.1358       6.8561      50.6561       2.0000            5
       12139      43.6558       6.8389      30.1249       2.0000            5
       12148      38.7235      12.0093       5.1710       2.0000            5
       12164      28.1239      32.2356       4.4714       2.0000            5
       12169      11.1396      22.1510      23.8088       2.0000            5
       12187      56.7351      14.3645      26.3313       2.0000            5
       12194      24.4760      56.6706       5.3069       2.0000            5
       12210      45.3516      63.5741       6.3322       2.0000            5
       12233      13.2304      58.2245      51.4093       2.0000            5
       12257      63.9738      10.9091       5.0339       2.0000            5
       12259      31.0628      65.7402      61.4539       2.0000            5
       12271      55.8407      47.4011      19.9950       2.0000            5
       12301       6.6889      10.1843      60.1003       2.0000            5
       12318      17.3184      63.6188      20.8076       2.0000            5
       12336      15.9473      37.2984      46.2761       2.0000            5
       12345      33.2806      47.1320      16.9460       2.0000            5
       12364      13.8957      20.2539      65.3759       2.0000            5
       12383      16.8465      35.9943      18.2582       2.0000            5
       12391      40.4097      48.5920      13.4872       2.0000            5
       12407      14.5012      30.3151      32.0115       2.0000            5
       12445       2.4940      11.0335      30.1815       2.0000            5
       12479       1.3851      34.1423      35.3283       2.0000            5
       12485      20.2202       6.8437      61.4855       2.0000            5
       12492      19.0303      14.7103      51.5813       2.0000            5
       12502      24.4425      44.2947       9.9986       2.0000            5
       12522       9.6116      65.2752       3.9526       2.0000            5
       12550      52.8220      11.2137      51.0572       2.0000            5
       12552       7.9515      38.6868      25.3695       2.0000            5
       12567      40.8307      51.7324      10.9961       2.0000            5
       12590       6.2561       8.2407      12.9352       2.0000            5
       12598      13.9174      57.4942      48.3576       2.0000            5
       12609       1.8365      53.2517      14.0311       2.0000            5
       12644      49.2765       9.1003      53.2406       2.0000            5
       12655       9.3842       5.1153      54.2577       2.0000            5
       12676      23.9217      29.9284      57.7438       2.0000            5
       12722      54.2685      51.5293      58.7052       2.0000            5
       12725      35.8463      50.9433      24.6529       2.0000            5
       12726       2.2210      30.3987       1.5391       2.0000            5
       12761       2.3588      29.2859      10.3664       2.0000            5
       12764      49.0463      37.9095      13.0427       2.0000            5
       12790      63.5934      12.6236      42.1420       2.0000            5
       12791      14.7821      59.2037      49.8064       2.0000            5
       12798      65.3952      13.3652       4.9375       2.0000            5
       12805      10.5816      62.5544       5.9692       2.0000            5
       12829      11.5796      57.2486       6.5524       2.0000            5
       12849      24.9247      15.4478      57.4961       2.0000            5
       12885       5.9596      37.1698      19.0444       2.0000            5
       12910      10.8649      44.0770      37.8897       2.0000            5
       12914      56.4446      47.3685      24.8752       2.0000            5
       12929      20.5074       9.6182      61.7719       2.0000            5
       12932      12.0053       5.9397       0.7764       2.0000            5
       12948      52.8203      61.0298      58.5484       2.0000            5
       12960      16.1300      32.5667      28.4506       2.0000            5
       12964      51.1315      19.7309      25.0156       2.0000            5
       12999      28.1394       6.6031      32.6209       2.0000            5
       13028      27.1315      47.6324      18.3394       2.0000            5
       13030      41.5369      20.0992      58.1968       2.0000            5
       13038      46.4730      15.3841      16.2109       2.0000            5
       13041       6.0227      36.9566      26.3049       2.0000            5
       13103       8.5275      41.3893      21.2886       2.0000            5
       13172       1.2129      58.7273      58.6701       2.0000            5
       13173       4.7629      37.3103      21.1729       2.0000            5
       13197      33.8668      21.2623      35.4914       2.0000            5
       13205      54.4090      13.9092      26.9683       2.0000            5
       13214      25.0766      21.7280      50.1190       2.0000            5
       13221      64.6823       8.7269      57.5148       2.0000            5
       13224      11.8583      54.6775      33.0466       2.0000            5
       13234      38.7059      32.0155      35.9122       2.0000            5
       13252       6.1599      55.9903      46.9202       2.0000            5
       13270      35.5291      61.4964      26.6731       2.0000            5
       13277       5.8900       1.6938       0.8412       2.0000            5
       13285      57.2218      60.6704      57.7135       2.0000            5
       13308      17.0583      35.2766      44.7266       2.0000            5
       13337       2.9398      16.5194      18.9921       2.0000            5
       13376      45.2717      42.6875       7.9743       2.0000            5
       13434       3.6803      53.1513      12.1414       2.0000            5
       13456      12.9933      36.7048      29.2671       2.0000            5
       13458      52.0295      51.6067      59.7626       2.0000            5
       13472      25.9711      28.7386      60.6007       2.0000            5
       13475      58.2705      49.1602      58.6411       2.0000            5
       13476      14.1777      65.1718       4.0495       2.0000            5
       13477      15.7591       5.4417      53.4947       2.0000            5
       13546       1.6227      13.8563      53.4098       2.0000            5
       13555      31.8749      55.7757      22.9323       2.0000            5
       13557      48.6872      38.9615      58.3739       2.0000            5
       13559      18.7998      11.3924      26.3613       2.0000            5
       13602      14.5872       8.1764      51.9990       2.0000            5
       13609       2.6507      31.8000      34.9573       2.0000            5
       13630      42.1241      59.1649      27.9529       2.0000            5
       13634      38.7553      12.4315       2.2739       2.0000            5
       13684      56.6916      16.2357      27.7597       2.0000            5
       13702      34.4357      25.2171      50.2814       2.0000            5
       13755      40.4302      29.7979      34.7360       2.0000            5
       13756      46.5212      56.0706      14.1713       2.0000            5
       13758      38.9502      10.1598       3.4959       2.0000            5
       13764      53.1732      51.6561       5.5551       2.0000            5
       13791      43.5602      12.1966       6.1929       2.0000            5
       13793      37.0060      36.3544       3.2614       2.0000            5
       13795      36.6054      38.5987       2.8182       2.0000            5
       13881      51.0274      27.0352       7.4769       2.0000            5
       13897      51.4978      13.6272      53.5271       2.0000            5
       13900      52.6614      12.4077      55.6182       2.0000            5
       13902      39.6232      50.8235      44.1319       2.0000            5
       13908       1.5674      14.8778      55.8194       2.0000            5
       13910      21.6869      34.0073      46.7496       2.0000            5
       13918      37.7449      62.4871      27.3307       2.0000            5
       13921      55.3933      12.2558      59.6287       2.0000            5
       13928       8.9458      10.0637      17.7422       2.0000            5
       13934      38.9852       1.8108      61.0870       2.0000            5
       13997      16.3243      13.9888      52.0775       2.0000            5
       14052      24.1589       9.9907      61.4812       2.0000            5
       14098      11.6084      64.5089       4.8232       2.0000            5
       14103      25.4377       4.3029      11.8784       2.0000            5
       14107       5.1046      38.1663      16.7505       2.0000            5
       14108      19.6100       7.8269      59.4734       2.0000            5
       14111      34.6466      37.2392       3.7123       2.0000            5
       14120       9.2921       4.1446      23.4039       2.0000            5
       14134      13.5370      11.6023      59.0709       2.0000            5
       14136      47.6642      17.3857      16.8394       2.0000            5
       14149      55.4251      18.0440      25.2628       2.0000            5
       14161      13.3768      18.6548      62.7181       2.0000            5
       14176       2.3106       1.3806      20.1683       2.0000            5
       14181      24.3354       9.9545      58.7215       2.0000            5
       14201      15.3263      65.0383      20.8115       2.0000            5
       14223      57.6688      28.0282      42.2532       2.0000            5
       14254      29.7761      62.0014       2.5249       2.0000            5
       14268      36.4740      50.8286       7.5002       2.0000            5
       14272       8.3107      44.7863      50.2287       2.0000            5
       14283      49.6821      18.8891      44.9659       2.0000            5
       14310      24.7943      42.2361      61.5049       2.0000            5
       14320      53.1989      50.6635       3.1644       2.0000            5
       14326      54.9721      49.6055       4.9139       2.0000            5
       14391       7.0530      54.8531      64.3975       2.0000            5
       14399      30.7756      44.7127      15.5785       2.0000            5
       14405      55.3581      58.6319       8.2705       2.0000            5
       14410      65.8572      29.1281       2.6845       2.0000            5
       14412      44.5092      23.4806      41.4993       2.0000            5
       14420      63.4592      47.5184      49.9915       2.0000            5
       14439      49.4410      52.0981      32.7948       2.0000            5
       14490      63.9030      49.2055      48.4388       2.0000            5
       14512      12.1114      28.7038      31.6624       2.0000            5
       14516      63.7133      59.0508      57.8993       2.0000            5
       14525      28.2209      29.3505      61.7356       2.0000            5
       14526      51.0526      25.9910       5.4942       2.0000            5
       14531      26.5924      48.1705      13.4163       2.0000            5
       14544      12.3884      23.8877      25.3730       2.0000            5
       14547      52.6631      51.3994      48.5381       2.0000            5
       14554       7.4602      56.0045      13.7535       2.0000            5
       14588      25.6294      20.3817      52.4300       2.0000            5
       14592      51.5053      26.6632      48.9516       2.0000            5
       14618      42.7264      21.9031      42.2250       2.0000            5
       14621      57.2459      19.8043      26.9895       2.0000            5
       14661      46.3635      62.4455       3.7955       2.0000            5
       14665      21.5415      44.7155      21.1149       2.0000            5
       14687      40.3796      62.6943      34.1308       2.0000            5
       14704      42.8619      44.2799       5.9977       2.0000            5
       14709      50.9131      46.3776      12.2184       2.0000            5
       14745       9.8295       4.7268       2.0202       2.0000            5
       14764      64.5332      57.2185      58.9704       2.0000            5
       14778      54.7263      57.1714      10.0431       2.0000            5
       14780       9.7090      21.6765      13.2994       2.0000            5
       14782      25.2787      58.8536       4.5778       2.0000            5
       14799       8.9516      23.5557      38.4619       2.0000            5
       14805      10.2915      20.0386      11.2616       2.0000            5
       14807      49.9124      32.3284      30.3650       2.0000            5
       14810      64.1411      66.0136      58.1021       2.0000            5
       14816      45.7878      27.9817      24.4723       2.0000            5
       14841      63.7673      51.3465      34.4125       2.0000            5
       14842      45.4647      12.9045      16.6439       2.0000            5
       14861       4.3568      39.1362      22.1301       2.0000            5
       14870      30.1550      23.3010      51.2591       2.0000            5
       14879      50.9435      12.2385      51.2038       2.0000            5
       14884      63.9874      12.1943       7.0493       2.0000            5
       14893      24.9046      48.1760      18.3594       2.0000            5
       14898      16.3536      35.3940      20.4817       2.0000            5
       14916      55.1127      39.4783      35.4448       2.0000            5
       14956      26.6506      53.0471      62.0366       2.0000            5
       14960      48.9810      28.1571      58.4567       2.0000            5
       14972      23.7054      42.9451      63.6064       2.0000            5
       14974      14.1746      35.1267      27.5746       2.0000            5
       14983      38.9954      39.1279      13.8859       2.0000            5
       14992      52.8430      48.4653       4.0382       2.0000            5
       15047      38.5132       1.0056      64.3960       2.0000            5
       15067      15.8048      18.9000       1.2893       2.0000            5
       15073      21.4536      35.9500      45.3415       2.0000            5
       15089      10.3066      55.8886       8.6073       2.0000            5
       15156      38.0201      50.4053      46.2889       2.0000            5
       15176      43.1424      14.9417      19.6116       2.0000            5
       15203      64.3300      64.4054      62.7779       2.0000            5
       15222      27.7308      62.0995       4.1410       2.0000            5
       15230      33.9703      18.4357      35.2440       2.0000            5
       15232       4.3479       8.4279      28.3036       2.0000            5
       15233      18.4320      21.9563       7.6280       2.0000            5
       15307      65.1848      13.8086       1.4775       2.0000            5
       15310      32.8057      26.4421      48.6931       2.0000            5
       15345      23.2325      27.9052      57.1440       2.0000            5
       15357       9.6396      13.3773       4.3422       2.0000            5
       15372      23.4844       4.1879      10.3375       2.0000            5
       15380      31.4126       7.3106      30.7784       2.0000            5
       15390      26.2945      50.7402      14.5586       2.0000            5
       15410      55.1986      37.6083       5.9135       2.0000            5
       15421      31.4067      53.2425      23.2615       2.0000            5
       15453      54.3078      37.6375      27.7255       2.0000            5
       15488      38.8497      60.0392      26.2616       2.0000            5
       15503      54.4750      49.5160      57.9687       2.0000            5
       15536      60.3752      48.3702      58.3538       2.0000            5
       15573      51.7905      19.4250      44.1928       2.0000            5
       15588      22.4428      47.3338      15.5993       2.0000            5
       15596      53.2203      59.0038      10.7244       2.0000            5
       15607      51.4705      50.1918       5.5659       2.0000            5
       15616      28.0110      50.7632      61.6518       2.0000            5
       15632       6.4619      11.1385      13.0084       2.0000            5
       15637      46.6103      28.3063      26.3696       2.0000            5
       15642       2.4764      38.2605      20.9652       2.0000            5
       15646       5.1201      55.5280      43.7814       2.0000            5
       15661      65.9268      60.8863      57.2458       2.0000            5
       15663      12.4689      42.4931      39.0763       2.0000            5
       15664      39.2738      52.7452      45.5727       2.0000            5
       15695      27.1495      55.4416       6.3340       2.0000            5
       15702      21.8190      49.4102      13.9939       2.0000            5
       15736      53.4137      34.4380       7.1144       2.0000            5
       15742       4.8156      39.2607      19.4843       2.0000            5
       15750      51.6550      20.7050      27.2944       2.0000            5
       15759       3.4925      33.0584      36.4825       2.0000            5
       15760      28.3688       6.1954      27.4977       2.0000            5
       15766      22.9011      42.7982      21.6554       2.0000            5
       15767      10.7132      47.3749      50.1728       2.0000            5
       15769       5.9665      55.6123      58.0355       2.0000            5
       15880       5.8792      37.9924      23.9006       2.0000            5
       15890      37.9287      56.9200       9.3828       2.0000            5
       15916      14.3138      53.8381      34.9584       2.0000            5
       15960      47.7381      55.5544      16.2277       2.0000            5
       15973       9.9108       9.0029      15.9756       2.0000            5
       15982       4.4575      53.7600      41.4611       2.0000            5
       15992      54.1851      53.2492      48.6293       2.0000            5
       16008      25.6894      32.4135       3.5638       2.0000            5
       16011      41.9266      24.5010      22.4354       2.0000            5
       16027       7.0800      56.0732       0.6642       2.0000            5
       16062      53.6670      12.6594      53.5042       2.0000            5
       16067      53.9983      20.6947      26.9099       2.0000            5
       16077      33.3040      51.4788      24.4920       2.0000            5
       16087       4.6549      56.4948      40.3727       2.0000            5
       16092      26.4541       7.1673      30.7322       2.0000            5
       16105      52.7786      49.1720      59.7425       2.0000            5
       16106      35.4070      49.6386       9.6567       2.0000            5
       16117      16.0459      58.9134      47.0856       2.0000            5
       16121      65.1606      58.2354      56.1694       2.0000            5
       16127      23.3593      49.2611      61.5916       2.0000            5
       16135       6.6033      53.9855      44.8676       2.0000            5
       16142       4.9607      53.6407      46.6650       2.0000            5
       16183      13.9533      37.9455      27.1811       2.0000            5
       16261      43.9903      23.7211      21.2616       2.0000            5
       16271      27.4058      27.2182      60.2346       2.0000            5
       16298      63.0929       8.8695      59.5769       2.0000            5
       16337       3.9973       3.4152       1.6194       2.0000            5
       16347      62.4866      50.4153      44.0101       2.0000            5
       16348      34.3006      52.7558      26.3418       2.0000            5
       16365      10.4923      40.0804      22.6987       2.0000            5
       16376      17.5262      14.4719      26.0341       2.0000            5
       16379      13.3673       4.9539      50.8393       2.0000            5
       16381      22.2598      41.4999      61.4261       2.0000            5
       16399      10.0202       6.9556       2.3089       2.0000            5
       16406      50.9169      61.7290      60.8925       2.0000            5
       16419      31.1249      11.8808      13.6652       2.0000            5
       16423      66.0303      11.9881      41.0959       2.0000            5
       16446      23.0751      43.7130      60.3145       2.0000            5
       16475       2.2509      31.4976      10.4935       2.0000            5
       16488       8.4220      14.5781      26.6071       2.0000            5
       16494      56.5587      49.0269      22.1086       2.0000            5
       16497      51.8081       9.7993      52.7090       2.0000            5
       16501      24.9688      49.8132      12.5660       2.0000            5
       16531      28.9940      54.9790       4.2348       2.0000            5
       16532      17.9918       5.5683      59.6601       2.0000            5
       16542       7.5630       6.5135      52.9164       2.0000            5
       16589      11.8631      18.3349      65.0078       2.0000            5
       16591      23.8965      15.6855      55.0909       2.0000            5
       16598       3.5219      55.7759      45.7975       2.0000            5
       16606      44.3910      26.1262      22.9446       2.0000            5
       16610      60.1772      64.2798      58.5651       2.0000            5
       16628      17.5403      19.5169      64.7579       2.0000            5
       16646      17.2782      33.2415      19.3305       2.0000            5
       16670      11.2668       4.6717      24.8057       2.0000            5
       16681      49.9353      29.5950      32.0341       2.0000            5
       16694       2.0281      32.2943      25.8982       2.0000            5
       16705      18.7791      34.6855      20.8270       2.0000            5
       16736       2.7002      45.3396      34.5226       2.0000            5
       16825      11.1723      43.7816      41.0215       2.0000            5
       16876      63.5503      48.2610      45.4229       2.0000            5
       16911      38.7458      65.4073      62.5611       2.0000            5
       16966      56.3788      14.7750      59.1637       2.0000            5
       16993      33.4107      59.1937      63.0990       2.0000            5
       16998      46.7589      28.7468      56.8163       2.0000            5
       17001      10.7702      23.4317      36.7813       2.0000            5
       17006      28.6659      14.3782      13.8073       2.0000            5
       17011      54.7201      14.4767      57.3018       2.0000            5
       17033       3.8354       8.9613      30.8096       2.0000            5
       17056      22.7131       7.4921      61.3104       2.0000            5
       17068      48.3536      40.6885      54.9933       2.0000            5
       17102      19.6890      13.9037      26.5612       2.0000            5
       17116      45.5144      17.5541      17.8761       2.0000            5
       17121       8.0260      26.3051      25.9904       2.0000            5
       17140      64.5105      48.9578      42.9652       2.0000            5
       17168      44.8660       4.8378      63.8161       2.0000            5
       17179      44.0612      13.4721       8.0694       2.0000            5
       17204      12.1682       4.0971       2.5161       2.0000            5
       17216       8.0692      47.1200      49.7052       2.0000            5
       17244       3.4601      37.3447      18.8130       2.0000            5
       17268      19.7897      34.9865      48.1541       2.0000            5
       17271      24.5632      46.1716      66.0667       2.0000            5
       17273      21.0878      34.3496      10.0128       2.0000            5
       17279      26.6882      45.0988      10.4375       2.0000            5
       17280      28.5550      29.2973      59.0008       2.0000            5
       17295      32.6999      64.1747      62.5144       2.0000            5
       17298       3.6000      54.5702      57.5750       2.0000            5
       17347      64.6241      10.7027      58.7465       2.0000            5
       17349       7.2884      46.5943      47.2805       2.0000            5
       17352      11.2803      54.4667      35.2881       2.0000            5
       17366      36.0428      18.7452      33.4852       2.0000            5
       17371       6.0099      12.4782      59.2080       2.0000            5
       17373      25.4100      50.7956      61.6733       2.0000            5
       17388       3.3323      17.8903      20.9072       2.0000            5
       17404       1.5203      32.1766       3.6611       2.0000            5
       17408       4.0473      58.9998      40.0513       2.0000            5
       17416      31.5256      22.9772      45.4770       2.0000            5
       17423      48.0692      28.4311      24.1958       2.0000            5
       17424      64.2502      50.1702      46.0279       2.0000            5
       17435      24.5726      26.6762      61.2622       2.0000            5
       17436      25.5091      46.8600      11.3824       2.0000            5
       17439      12.6629      48.3048      51.6135       2.0000            5
       17457      37.4987      31.0241      34.1900       2.0000            5
       17464      31.0559       8.4195      28.0821       2.0000            5
       17476      55.2979      52.2031      46.7850       2.0000            5
       17507      39.9163      34.3211       6.6812       2.0000            5
       17527      14.2756      56.2303      50.5835       2.0000            5
       17537      50.1210      21.8651      25.9517       2.0000            5
       17539      18.6318      23.6090       9.5788       2.0000            5
       17579      19.0483      35.1591      18.1070       2.0000            5
       17584      41.3656      11.0129       6.8823       2.0000            5
       17603      64.5364      49.9378      36.4472       2.0000            5
       17615      22.9998      50.8967      49.6947       2.0000            5
       17619      23.3926      46.5378      10.9291       2.0000            5
       17626       9.0210      54.2478      14.8980       2.0000            5
       17628      37.5601      50.9228      10.0189       2.0000            5
       17637      25.2231      19.6457      49.1223       2.0000            5
       17646      50.7211      18.4683      27.4360       2.0000            5
       17707      40.5066       1.6086      63.0830       2.0000            5
       17720      52.7759      13.7960      51.2000       2.0000            5
       17745      24.3806       7.8362      59.8771       2.0000            5
       17748      62.7897      58.4258      55.8874       2.0000            5
       17772       8.9918      43.9621      40.2882       2.0000            5
       17779       2.6679      43.9089      36.6957       2.0000            5
       17787      46.0379      22.5215      39.4797       2.0000            5
       17801      55.4045      35.0108       5.7373       2.0000            5
       17834       6.0483      35.5153      23.9266       2.0000            5
       17836      16.7903      31.1213      30.5072       2.0000            5
       17839      46.5081      65.2597       4.3523       2.0000            5
       17843      41.9592      39.2440      15.5705       2.0000            5
       17867       7.8367      15.1180       1.5648       2.0000            5
       17871      43.5278      11.2066       9.0195       2.0000            5
       17914      14.8952      35.2989      46.7271       2.0000            5
       17921      11.0572      49.6241      52.7380       2.0000            5
       17958      65.5160      30.9701       1.6325       2.0000            5
       17968       0.9253      54.3952      11.9186       2.0000            5
       18004      26.0117      60.9905       2.3649       2.0000            5
       18015      47.9056      54.2601      13.2784       2.0000            5
       18018      41.5254      15.1673      17.2128       2.0000            5
       18047       1.4497      17.5916      22.0788       2.0000            5
       18062       8.3001      15.5001       4.2883       2.0000            5
       18115      39.8175      37.0230       5.9420       2.0000            5
       18124      16.5516      57.8584      49.6364       2.0000            5
       18148      22.5024      49.9295      16.1950       2.0000            5
       18193       1.3608      33.8429      37.9969       2.0000            5
       18207      53.0120      25.6098      51.1219       2.0000            5
       18219      12.6399      56.2996       8.1696       2.0000            5
       18229      46.0651      24.9684      40.7116       2.0000            5
       18232      11.4592      19.1558       9.4488       2.0000            5
       18287      22.0681      47.5516       2.0184       2.0000            5
       18308      25.4186      18.2396      58.0134       2.0000            5
       18316      57.6507      47.0145      59.6835       2.0000            5
       18336      34.2708      38.3553       1.5927       2.0000            5
       18372      27.3566      48.5046      16.4302       2.0000            5
       18384      66.2676       1.7528      21.8336       2.0000            5
       18409      15.0627      62.4557      21.5562       2.0000            5
       18411      14.2127      37.0453      17.5191       2.0000            5
       18418      54.3975      45.0602      23.8543       2.0000            5
       18456      18.5823      30.5445      28.7873       2.0000            5
       18499      29.1005       7.0573      29.9027       2.0000            5
       18536      10.0552      14.1564       1.9815       2.0000            5
       18553       9.8932      22.1401      10.6135       2.0000            5
       18557      32.4158      46.5605      14.4928       2.0000            5
       18563      20.1548      42.5155      21.6833       2.0000            5
       18567       8.5086      22.2306      36.4696       2.0000            5
       18597      35.7758      20.2232      36.2122       2.0000            5
       18617      47.1621      39.4929      13.7987       2.0000            5
       18623      48.9252      19.8986      26.7413       2.0000            5
       18631       4.2885      33.0740      27.4267       2.0000            5
       18636      37.7237      59.6020       9.7140       2.0000            5
       18640       3.4537      31.2634       6.3653       2.0000            5
       18648      57.7017      61.6545      60.0823       2.0000            5
       18659      31.3285       2.1605      61.9120       2.0000            5
       18663      37.2193      61.1580      24.9207       2.0000            5
       18667       4.4870      52.5836      59.1748       2.0000            5
       18755      48.2443      62.0204       7.8236       2.0000            5
       18760      62.6900       2.0001      59.4052       2.0000            5
       18820      16.7360      12.1612      25.8931       2.0000            5
       18824      26.3349      50.1089      18.2216       2.0000            5
       18835      22.8860      51.8414      60.9568       2.0000            5
       18865      43.6956      61.0532      27.3515       2.0000            5
       18900      20.6707      19.2891      11.4115       2.0000            5
       18910      17.7727      20.9468       9.7192       2.0000            5
       18918      11.4743       8.7716      17.8018       2.0000            5
       18931       7.1809       9.1951      15.5619       2.0000            5
       18936      55.3977      35.9927       7.6727       2.0000            5
       18971      45.5468      37.9897      13.1398       2.0000            5
       18972      47.3912      63.1815       5.8873       2.0000            5
       18996      30.8048      28.0795      28.5457       2.0000            5
       18997       3.1943      55.5079      36.9542       2.0000            5
       19007       4.2743      31.6027      25.5300       2.0000            5
       19057      40.0683      20.1313      56.1335       2.0000            5
       19064      29.0826      21.7699      49.8690       2.0000            5
       19098       7.3814      39.4621      16.6641       2.0000            5
       19109      54.2636      47.9016       1.7348       2.0000            5
       19129      55.1267      18.8014      27.8661       2.0000            5
       19131      48.3483      20.2532      43.2469       2.0000            5
       19133      30.6692      13.9063      12.4895       2.0000            5
       19142      51.8579      36.7576      27.5884       2.0000            5
       19161      57.4147      60.5773      62.4603       2.0000            5
       19166      37.0969      60.0718      27.9537       2.0000            5
       19180       1.0255      54.3124      37.4625       2.0000            5
       19201      33.1593      54.4742      24.7932       2.0000            5
       19218      62.3408      13.4482       5.3872       2.0000            5
       19221      52.8548      45.8826       4.6427       2.0000            5
       19242      59.2037      61.5626      57.9874       2.0000            5
       19243       9.3957      45.2033      48.0941       2.0000            5
       19249       6.4761      53.5468      14.4814       2.0000            5
       19273       3.0538      54.8891      42.2851       2.0000            5
       19278      31.3076      21.1834      46.8549       2.0000            5
       19284       9.1741      64.8824       6.1574       2.0000            5
       19286      27.1317      30.8278      60.4110       2.0000            5
       19324      28.1484      51.9251      59.7475       2.0000            5
       19349      24.8244      51.7567      48.5591       2.0000            5
       19359      56.9496      59.2963      60.0159       2.0000            5
       19370      66.1218      52.3619      33.9728       2.0000            5
       19412       5.1626      10.9975      29.9799       2.0000            5
       19413       9.2370      20.3737       8.7321       2.0000            5
       19417      12.1572      50.1579      49.9533       2.0000            5
       19434      54.7349      41.5022      34.6190       2.0000            5
       19457      50.3665      49.6599      59.9045       2.0000            5
       19473      41.6736      49.6786      11.2297       2.0000            5
       19499      15.6259      56.4191      47.7246       2.0000            5
       19500       7.8614      15.4665      29.1079       2.0000            5
       19529       8.4927      12.7534      29.4542       2.0000            5
       19534      46.0061       6.6488      61.8779       2.0000            5
       19538      52.5305       9.7789      55.4336       2.0000            5
       19547      11.5092      11.4444      18.3530       2.0000            5
       19553      28.7588      45.6407      17.0606       2.0000            5
       19607      53.4405      51.6930      46.0358       2.0000            5
       19618      53.8118      48.8720      21.3978       2.0000            5
       19621      44.2757      45.1544       8.1877       2.0000            5
       19627       9.6486      49.4153      50.6270       2.0000            5
       19642      15.0724      39.0952      18.1437       2.0000            5
       19653      27.6617      61.1029       0.7986       2.0000            5
       19658       1.6282      15.4143      20.9199       2.0000            5
       19671      50.0756      10.9266      54.7348       2.0000            5
       19697      40.5196       7.7204      28.4756       2.0000            5
       19706      17.3416      35.4352      47.3448       2.0000            5
       19718      28.4281      57.2375       4.5972       2.0000            5
       19759       0.7880      12.3363       3.1323       2.0000            5
       19772       8.0902      38.3862      18.7058       2.0000            5
       19856      31.5253      25.6829      30.4915       2.0000            5
       19859      15.5788       6.1589      50.9149       2.0000            5
       19878      19.3795      21.4622      12.5505       2.0000            5
       19879      65.0154      51.5279      43.7949       2.0000            5
       19884      41.0422      49.5697      45.9536       2.0000            5
       19885      55.3444      40.5972      37.3477       2.0000            5
       19898      46.5973      64.4816       8.1432       2.0000            5
       19906       5.8760      57.8023      38.6168       2.0000            5
       19913      45.7393      62.2832       8.8374       2.0000            5
       19925      24.6572      47.1457       2.8276       2.0000            5
       19926      47.0084      15.5386      18.6520       2.0000            5
       19965      50.9756      50.4410      31.4987       2.0000            5
       19970      25.3001      51.8988      59.9910       2.0000            5
       19974      52.7624      36.5376       5.8474       2.0000            5
       19991      16.1561      22.8885       8.1740       2.0000            5
