
 SPT   Si   O
            1            0            0
            2            0          514
            3            0        12520
            4           14          297
            5          222            1
            6         6395            0
            7           35            0
            8            0            0
            9            0            0
           10            0            0
           11            0            0
           12            0            0
           13            0            0
           14            0            0
           15            0            0
           16            0            0
           17            0            0
           18            0            0
           19            0            0