 0.02  0.00  0.00  0.00  
 0.04  0.00  0.00  0.00  
 0.06  0.00  0.00  0.00  
 0.08  0.00  0.00  0.00  
 0.10  0.00  0.00  0.00  
 0.12  0.00  0.00  0.00  
 0.14  0.00  0.00  0.00  
 0.16  0.00  0.00  0.00  
 0.18  0.00  0.00  0.00  
 0.20  0.00  0.00  0.00  
 0.22  0.00  0.00  0.00  
 0.24  0.00  0.00  0.00  
 0.26  0.00  0.00  0.00  
 0.28  0.00  0.00  0.00  
 0.30  0.00  0.00  0.00  
 0.32  0.00  0.00  0.00  
 0.34  0.00  0.00  0.00  
 0.36  0.00  0.00  0.00  
 0.38  0.00  0.00  0.00  
 0.40  0.00  0.00  0.00  
 0.42  0.00  0.00  0.00  
 0.44  0.00  0.00  0.00  
 0.46  0.00  0.00  0.00  
 0.48  0.00  0.00  0.00  
 0.50  0.00  0.00  0.00  
 0.52  0.00  0.00  0.00  
 0.54  0.00  0.00  0.00  
 0.56  0.00  0.00  0.00  
 0.58  0.00  0.00  0.00  
 0.60  0.00  0.00  0.00  
 0.62  0.00  0.00  0.00  
 0.64  0.00  0.00  0.00  
 0.66  0.00  0.00  0.00  
 0.68  0.00  0.00  0.00  
 0.70  0.00  0.00  0.00  
 0.72  0.00  0.00  0.00  
 0.74  0.00  0.00  0.00  
 0.76  0.00  0.00  0.00  
 0.78  0.00  0.00  0.00  
 0.80  0.00  0.00  0.00  
 0.82  0.00  0.00  0.00  
 0.84  0.00  0.00  0.00  
 0.86  0.00  0.00  0.00  
 0.88  0.00  0.00  0.00  
 0.90  0.00  0.00  0.00  
 0.92  0.00  0.00  0.00  
 0.94  0.00  0.00  0.00  
 0.96  0.00  0.00  0.00  
 0.98  0.00  0.00  0.00  
 1.00  0.00  0.00  0.00  
 1.02  0.00  0.00  0.00  
 1.04  0.00  0.00  0.00  
 1.06  0.00  0.00  0.00  
 1.08  0.00  0.00  0.00  
 1.10  0.00  0.00  0.00  
 1.12  0.00  0.00  0.00  
 1.14  0.00  0.00  0.00  
 1.16  0.00  0.00  0.00  
 1.18  0.00  0.00  0.00  
 1.20  0.00  0.00  0.00  
 1.22  0.00  0.00  0.00  
 1.24  0.00  0.00  0.00  
 1.26  0.00  0.00  0.00  
 1.28  0.00  0.00  0.00  
 1.30  0.00  0.00  0.00  
 1.32  0.00  0.00  0.00  
 1.34  0.00  0.00  0.00  
 1.36  0.00  0.00  0.00  
 1.38  0.00  0.02  0.00  
 1.40  0.00  0.02  0.00  
 1.42  0.00  0.07  0.00  
 1.44  0.00  0.15  0.00  
 1.46  0.00  0.24  0.00  
 1.48  0.00  0.49  0.00  
 1.50  0.00  0.73  0.00  
 1.52  0.00  1.22  0.00  
 1.54  0.00  1.65  0.00  
 1.56  0.00  2.34  0.00  
 1.58  0.00  2.93  0.00  
 1.60  0.00  3.45  0.00  
 1.62  0.00  4.07  0.00  
 1.64  0.00  4.61  0.00  
 1.66  0.00  5.08  0.00  
 1.68  0.00  5.45  0.00  
 1.70  0.00  5.29  0.00  
 1.72  0.00  5.29  0.00  
 1.74  0.00  4.83  0.00  
 1.76  0.00  4.74  0.00  
 1.78  0.00  4.32  0.00  
 1.80  0.00  3.75  0.00  
 1.82  0.00  3.32  0.00  
 1.84  0.00  3.05  0.00  
 1.86  0.00  2.55  0.00  
 1.88  0.00  2.26  0.00  
 1.90  0.00  1.95  0.00  
 1.92  0.00  1.66  0.01  
 1.94  0.00  1.36  0.03  
 1.96  0.00  1.10  0.02  
 1.98  0.00  0.92  0.06  
 2.00  0.00  0.79  0.08  
 2.02  0.00  0.66  0.10  
 2.04  0.00  0.49  0.15  
 2.06  0.01  0.46  0.18  
 2.08  0.01  0.39  0.28  
 2.10  0.00  0.31  0.36  
 2.12  0.00  0.22  0.50  
 2.14  0.01  0.20  0.60  
 2.16  0.00  0.17  0.75  
 2.18  0.00  0.15  0.90  
 2.20  0.01  0.10  1.16  
 2.22  0.01  0.10  1.34  
 2.24  0.03  0.09  1.64  
 2.26  0.02  0.07  1.87  
 2.28  0.04  0.06  2.04  
 2.30  0.09  0.05  2.41  
 2.32  0.11  0.06  2.69  
 2.34  0.14  0.06  2.90  
 2.36  0.12  0.06  3.16  
 2.38  0.27  0.04  3.29  
 2.40  0.34  0.03  3.38  
 2.42  0.50  0.04  3.55  
 2.44  0.60  0.05  3.56  
 2.46  0.75  0.05  3.53  
 2.48  0.88  0.05  3.47  
 2.50  0.96  0.06  3.36  
 2.52  1.11  0.06  3.21  
 2.54  1.28  0.07  3.17  
 2.56  1.39  0.08  3.00  
 2.58  1.42  0.09  2.78  
 2.60  1.53  0.09  2.64  
 2.62  1.64  0.14  2.44  
 2.64  1.47  0.15  2.15  
 2.66  1.58  0.20  1.85  
 2.68  1.36  0.18  1.74  
 2.70  1.26  0.22  1.56  
 2.72  1.34  0.27  1.38  
 2.74  1.32  0.28  1.26  
 2.76  1.10  0.35  1.05  
 2.78  1.11  0.37  0.99  
 2.80  0.97  0.43  0.84  
 2.82  1.11  0.50  0.75  
 2.84  1.10  0.53  0.64  
 2.86  1.04  0.66  0.56  
 2.88  1.09  0.67  0.51  
 2.90  1.31  0.78  0.43  
 2.92  1.52  0.87  0.39  
 2.94  1.65  0.98  0.36  
 2.96  1.91  1.04  0.32  
 2.98  2.08  1.12  0.32  
 3.00  2.30  1.16  0.29  
 3.02  2.54  1.25  0.31  
 3.04  2.63  1.31  0.26  
 3.06  2.79  1.34  0.25  
 3.08  3.02  1.40  0.25  
 3.10  3.14  1.43  0.28  
 3.12  3.15  1.44  0.24  
 3.14  3.14  1.46  0.25  
 3.16  2.92  1.48  0.29  
 3.18  3.02  1.42  0.30  
 3.20  2.89  1.43  0.31  
 3.22  2.62  1.41  0.34  
 3.24  2.45  1.34  0.39  
 3.26  2.38  1.33  0.42  
 3.28  2.11  1.29  0.48  
 3.30  1.82  1.21  0.50  
 3.32  1.66  1.18  0.54  
 3.34  1.52  1.20  0.57  
 3.36  1.38  1.14  0.59  
 3.38  1.15  1.09  0.64  
 3.40  1.04  1.10  0.63  
 3.42  0.82  1.06  0.67  
 3.44  0.72  1.10  0.70  
 3.46  0.62  1.04  0.67  
 3.48  0.49  1.04  0.68  
 3.50  0.41  1.08  0.66  
 3.52  0.37  1.07  0.63  
 3.54  0.32  1.03  0.66  
 3.56  0.30  1.10  0.59  
 3.58  0.25  1.10  0.59  
 3.60  0.22  1.06  0.60  
 3.62  0.24  1.07  0.55  
 3.64  0.24  1.14  0.55  
 3.66  0.25  1.08  0.52  
 3.68  0.24  1.08  0.49  
 3.70  0.26  1.14  0.50  
 3.72  0.26  1.16  0.50  
 3.74  0.29  1.18  0.54  
 3.76  0.32  1.19  0.52  
 3.78  0.34  1.26  0.52  
 3.80  0.43  1.29  0.50  
 3.82  0.47  1.35  0.57  
 3.84  0.49  1.40  0.53  
 3.86  0.52  1.46  0.62  
 3.88  0.56  1.50  0.67  
 3.90  0.60  1.49  0.69  
 3.92  0.63  1.58  0.75  
 3.94  0.68  1.70  0.80  
 3.96  0.68  1.69  0.83  
 3.98  0.79  1.67  0.90  
 4.00  0.74  1.73  0.95  
 4.02  0.83  1.67  1.01  
 4.04  0.81  1.65  1.11  
 4.06  0.79  1.57  1.13  
 4.08  0.86  1.52  1.17  
 4.10  0.77  1.46  1.27  
 4.12  0.82  1.40  1.32  
 4.14  0.75  1.31  1.39  
 4.16  0.75  1.22  1.45  
 4.18  0.78  1.12  1.55  
 4.20  0.72  1.04  1.57  
 4.22  0.66  0.94  1.64  
 4.24  0.69  0.86  1.69  
 4.26  0.59  0.82  1.76  
 4.28  0.60  0.74  1.75  
 4.30  0.60  0.63  1.81  
 4.32  0.56  0.56  1.80  
 4.34  0.55  0.55  1.82  
 4.36  0.53  0.47  1.76  
 4.38  0.55  0.45  1.81  
 4.40  0.53  0.40  1.79  
 4.42  0.50  0.37  1.70  
 4.44  0.58  0.36  1.62  
 4.46  0.60  0.37  1.59  
 4.48  0.62  0.36  1.53  
 4.50  0.63  0.39  1.46  
 4.52  0.73  0.42  1.45  
 4.54  0.77  0.42  1.39  
 4.56  0.84  0.46  1.31  
 4.58  0.97  0.49  1.28  
 4.60  1.03  0.56  1.26  
 4.62  1.15  0.59  1.20  
 4.64  1.29  0.63  1.14  
 4.66  1.31  0.67  1.14  
 4.68  1.45  0.70  1.12  
 4.70  1.65  0.76  1.05  
 4.72  1.71  0.76  1.07  
 4.74  1.72  0.84  1.07  
 4.76  1.85  0.85  1.04  
 4.78  1.89  0.92  1.06  
 4.80  1.97  0.93  1.03  
 4.82  2.02  0.95  1.01  
 4.84  2.03  1.01  1.06  
 4.86  1.96  1.00  0.99  
 4.88  1.91  1.00  1.03  
 4.90  1.95  1.03  0.98  
 4.92  1.87  1.07  0.98  
 4.94  1.77  1.08  0.97  
 4.96  1.62  1.10  0.95  
 4.98  1.62  1.08  0.89  
 5.00  1.53  1.13  0.90  
 5.02  1.49  1.16  0.89  
 5.04  1.35  1.13  0.87  
 5.06  1.22  1.15  0.84  
 5.08  1.16  1.17  0.78  
 5.10  1.11  1.16  0.75  
 5.12  1.11  1.18  0.75  
 5.14  0.96  1.18  0.70  
 5.16  0.93  1.20  0.68  
 5.18  0.89  1.19  0.65  
 5.20  0.89  1.14  0.64  
 5.22  0.85  1.14  0.60  
 5.24  0.81  1.14  0.58  
 5.26  0.76  1.11  0.56  
 5.28  0.83  1.08  0.55  
 5.30  0.72  1.05  0.54  
 5.32  0.72  1.03  0.57  
 5.34  0.72  1.00  0.53  
 5.36  0.75  0.99  0.55  
 5.38  0.72  0.95  0.56  
 5.40  0.70  0.92  0.57  
 5.42  0.64  0.88  0.58  
 5.44  0.66  0.85  0.59  
 5.46  0.65  0.81  0.63  
 5.48  0.66  0.79  0.67  
 5.50  0.62  0.77  0.66  
 5.52  0.64  0.74  0.69  
 5.54  0.60  0.72  0.71  
 5.56  0.62  0.70  0.76  
 5.58  0.66  0.71  0.76  
 5.60  0.56  0.70  0.80  
 5.62  0.66  0.70  0.81  
 5.64  0.64  0.69  0.85  
 5.66  0.64  0.72  0.87  
 5.68  0.63  0.76  0.87  
 5.70  0.67  0.75  0.89  
 5.72  0.59  0.80  0.92  
 5.74  0.65  0.84  0.95  
 5.76  0.60  0.91  0.93  
 5.78  0.63  0.93  0.94  
 5.80  0.59  0.98  0.93  
 5.82  0.59  1.05  0.94  
 5.84  0.58  1.07  0.95  
 5.86  0.57  1.13  0.96  
 5.88  0.56  1.18  0.96  
 5.90  0.55  1.24  0.96  
 5.92  0.53  1.26  0.99  
 5.94  0.54  1.32  1.00  
 5.96  0.56  1.36  1.00  
 5.98  0.57  1.39  1.00  
 6.00  0.57  1.42  1.03  
 6.02  0.59  1.42  1.06  
 6.04  0.60  1.44  1.07  
 6.06  0.60  1.46  1.06  
 6.08  0.67  1.44  1.14  
 6.10  0.73  1.45  1.13  
 6.12  0.73  1.39  1.18  
 6.14  0.76  1.40  1.23  
 6.16  0.87  1.36  1.24  
 6.18  0.90  1.33  1.29  
 6.20  0.98  1.36  1.28  
 6.22  1.00  1.31  1.33  
 6.24  1.03  1.27  1.37  
 6.26  1.14  1.24  1.35  
 6.28  1.18  1.24  1.38  
 6.30  1.27  1.22  1.41  
 6.32  1.35  1.20  1.41  
 6.34  1.43  1.13  1.43  
 6.36  1.48  1.10  1.45  
 6.38  1.49  1.12  1.44  
 6.40  1.62  1.08  1.45  
 6.42  1.63  1.06  1.42  
 6.44  1.66  0.99  1.41  
 6.46  1.72  0.98  1.42  
 6.48  1.78  0.95  1.38  
 6.50  1.78  0.93  1.37  
 6.52  1.79  0.92  1.35  
 6.54  1.71  0.88  1.32  
 6.56  1.75  0.85  1.29  
 6.58  1.78  0.84  1.27  
 6.60  1.76  0.80  1.23  
 6.62  1.66  0.81  1.19  
 6.64  1.53  0.78  1.17  
 6.66  1.54  0.75  1.13  
 6.68  1.48  0.73  1.10  
 6.70  1.44  0.72  1.05  
 6.72  1.33  0.71  1.02  
 6.74  1.35  0.67  0.98  
 6.76  1.25  0.69  0.94  
 6.78  1.20  0.69  0.90  
 6.80  1.09  0.71  0.89  
 6.82  1.08  0.70  0.83  
 6.84  1.02  0.71  0.81  
 6.86  0.97  0.70  0.79  
 6.88  0.89  0.72  0.79  
 6.90  0.87  0.75  0.74  
 6.92  0.85  0.73  0.72  
 6.94  0.81  0.74  0.71  
 6.96  0.82  0.77  0.71  
 6.98  0.79  0.77  0.69  
 7.00  0.77  0.79  0.66  
 7.02  0.77  0.82  0.69  
 7.04  0.73  0.82  0.67  
 7.06  0.71  0.82  0.68  
 7.08  0.71  0.83  0.68  
 7.10  0.72  0.88  0.69  
 7.12  0.70  0.88  0.69  
 7.14  0.69  0.89  0.70  
 7.16  0.67  0.91  0.70  
 7.18  0.73  0.91  0.73  
 7.20  0.70  0.92  0.74  
 7.22  0.71  0.95  0.74  
 7.24  0.75  0.96  0.76  
 7.26  0.75  0.97  0.76  
 7.28  0.80  1.00  0.78  
 7.30  0.79  1.00  0.79  
 7.32  0.85  1.03  0.80  
 7.34  0.85  1.05  0.80  
 7.36  0.91  1.05  0.81  
 7.38  0.93  1.06  0.83  
 7.40  0.97  1.07  0.88  
 7.42  1.01  1.07  0.87  
 7.44  1.04  1.09  0.88  
 7.46  1.08  1.07  0.90  
 7.48  1.14  1.09  0.93  
 7.50  1.13  1.08  0.93  
 7.52  1.21  1.10  0.96  
 7.54  1.19  1.10  0.98  
 7.56  1.19  1.11  1.01  
 7.58  1.26  1.11  1.01  
 7.60  1.27  1.09  1.01  
 7.62  1.24  1.09  1.05  
 7.64  1.26  1.07  1.07  
 7.66  1.30  1.08  1.08  
 7.68  1.25  1.11  1.07  
 7.70  1.27  1.10  1.10  
 7.72  1.24  1.11  1.10  
 7.74  1.28  1.11  1.12  
 7.76  1.22  1.13  1.12  
 7.78  1.23  1.12  1.14  
 7.80  1.13  1.15  1.14  
 7.82  1.14  1.18  1.15  
 7.84  1.12  1.19  1.13  
 7.86  1.06  1.21  1.12  
 7.88  1.00  1.21  1.12  
 7.90  0.95  1.20  1.14  
 7.92  0.93  1.21  1.13  
 7.94  0.86  1.21  1.13  
 7.96  0.86  1.21  1.12  
 7.98  0.78  1.21  1.13  
 8.00  0.77  1.20  1.10  
 8.02  0.76  1.20  1.13  
 8.04  0.68  1.18  1.12  
 8.06  0.66  1.17  1.13  
 8.08  0.64  1.17  1.10  
 8.10  0.64  1.14  1.12  
 8.12  0.61  1.11  1.09  
 8.14  0.56  1.09  1.08  
 8.16  0.53  1.10  1.10  
 8.18  0.55  1.05  1.08  
 8.20  0.55  1.02  1.07  
 8.22  0.52  1.01  1.09  
 8.24  0.54  1.00  1.05  
 8.26  0.58  0.96  1.07  
 8.28  0.54  0.93  1.05  
 8.30  0.61  0.91  1.06  
 8.32  0.61  0.90  1.07  
 8.34  0.63  0.87  1.05  
 8.36  0.65  0.84  1.04  
 8.38  0.68  0.84  1.03  
 8.40  0.70  0.82  1.03  
 8.42  0.73  0.81  1.04  
 8.44  0.72  0.81  1.05  
 8.46  0.77  0.79  1.03  
 8.48  0.74  0.78  1.04  
 8.50  0.81  0.79  1.03  
 8.52  0.85  0.80  1.04  
 8.54  0.89  0.80  1.03  
 8.56  0.92  0.82  1.04  
 8.58  0.93  0.81  1.02  
 8.60  0.95  0.82  1.02  
 8.62  1.00  0.84  1.02  
 8.64  1.01  0.86  1.02  
 8.66  1.02  0.86  1.02  
 8.68  1.06  0.87  1.02  
 8.70  1.09  0.90  1.01  
 8.72  1.10  0.90  0.99  
 8.74  1.10  0.93  1.00  
 8.76  1.12  0.94  1.01  
 8.78  1.13  0.96  0.98  
 8.80  1.18  0.94  0.97  
 8.82  1.19  0.96  0.96  
 8.84  1.18  0.98  0.95  
 8.86  1.22  1.00  0.95  
 8.88  1.24  1.01  0.96  
 8.90  1.23  1.02  0.93  
 8.92  1.26  1.03  0.93  
 8.94  1.22  1.03  0.91  
 8.96  1.26  1.03  0.91  
 8.98  1.28  1.02  0.89  
 9.00  1.24  1.03  0.89  
 9.02  1.29  1.03  0.87  
 9.04  1.32  1.03  0.84  
 9.06  1.31  1.03  0.86  
 9.08  1.33  1.03  0.85  
 9.10  1.34  1.02  0.85  
 9.12  1.31  1.02  0.85  
 9.14  1.32  1.02  0.84  
 9.16  1.32  1.01  0.83  
 9.18  1.28  0.99  0.84  
 9.20  1.30  0.98  0.85  
 9.22  1.31  0.99  0.87  
 9.24  1.28  1.00  0.85  
 9.26  1.27  0.99  0.86  
 9.28  1.21  0.97  0.87  
 9.30  1.29  0.98  0.86  
 9.32  1.24  0.98  0.88  
 9.34  1.23  0.98  0.90  
 9.36  1.25  0.99  0.92  
 9.38  1.24  0.99  0.92  
 9.40  1.22  1.00  0.95  
 9.42  1.23  0.99  0.96  
 9.44  1.20  1.00  0.99  
 9.46  1.20  1.00  0.98  
 9.48  1.19  1.02  1.02  
 9.50  1.18  1.00  1.01  
 9.52  1.20  0.99  1.04  
 9.54  1.12  1.01  1.05  
 9.56  1.11  1.00  1.06  
 9.58  1.08  1.00  1.07  
 9.60  1.09  1.01  1.06  
 9.62  1.08  1.02  1.10  
 9.64  1.03  1.00  1.08  
 9.66  1.02  1.00  1.08  
 9.68  0.96  1.03  1.11  
 9.70  0.93  1.02  1.08  
 9.72  0.93  1.03  1.09  
 9.74  0.89  1.03  1.07  
 9.76  0.87  1.01  1.08  
 9.78  0.84  1.01  1.08  
 9.80  0.82  1.02  1.07  
 9.82  0.80  1.03  1.06  
 9.84  0.75  1.00  1.08  
 9.86  0.75  1.02  1.06  
 9.88  0.74  1.02  1.07  
 9.90  0.71  1.03  1.05  
 9.92  0.70  1.02  1.04  
 9.94  0.69  1.02  1.05  
 9.96  0.65  1.02  1.04  
 9.98  0.67  1.01  1.03  
10.00  0.67  1.02  1.03  
10.02  0.66  1.04  1.04  
10.04  0.65  1.03  1.02  
10.06  0.65  1.03  1.02  
10.08  0.68  1.03  1.01  
10.10  0.66  1.05  1.01  
10.12  0.70  1.04  1.01  
10.14  0.72  1.05  1.02  
10.16  0.73  1.04  1.02  
10.18  0.76  1.06  1.04  
10.20  0.77  1.05  1.02  
10.22  0.80  1.06  1.04  
10.24  0.80  1.05  1.03  
10.26  0.87  1.05  1.03  
10.28  0.88  1.05  1.05  
10.30  0.90  1.04  1.04  
10.32  0.97  1.05  1.06  
10.34  1.00  1.04  1.05  
10.36  1.00  1.05  1.05  
10.38  1.03  1.04  1.04  
10.40  1.04  1.04  1.06  
10.42  1.04  1.04  1.06  
10.44  1.07  1.01  1.05  
10.46  1.09  1.03  1.05  
10.48  1.07  1.02  1.05  
10.50  1.11  1.00  1.04  
10.52  1.10  1.01  1.05  
10.54  1.08  1.00  1.03  
10.56  1.09  0.99  1.03  
10.58  1.10  0.99  1.02  
10.60  1.08  0.99  1.01  
10.62  1.06  0.99  1.00  
10.64  1.07  0.98  1.02  
10.66  1.04  0.99  0.99  
10.68  1.05  0.98  0.97  
10.70  1.06  0.98  0.97  
10.72  1.04  0.97  0.97  
10.74  1.05  0.99  0.97  
10.76  1.02  0.97  0.94  
10.78  1.04  0.97  0.95  
10.80  1.03  0.97  0.94  
10.82  1.02  0.97  0.94  
10.84  1.08  0.96  0.92  
10.86  1.05  0.96  0.92  
10.88  1.09  0.97  0.93  
10.90  1.06  0.96  0.92  
10.92  1.07  0.96  0.92  
10.94  1.08  0.95  0.90  
10.96  1.04  0.95  0.91  
10.98  1.08  0.95  0.92  
11.00  1.09  0.94  0.90  
11.02  1.10  0.94  0.91  
11.04  1.07  0.95  0.91  
11.06  1.10  0.92  0.91  
11.08  1.09  0.92  0.89  
11.10  1.08  0.95  0.92  
11.12  1.07  0.93  0.91  
11.14  1.06  0.92  0.90  
11.16  1.06  0.92  0.90  
11.18  1.03  0.92  0.90  
11.20  1.04  0.93  0.91  
11.22  1.02  0.92  0.92  
11.24  1.03  0.93  0.92  
11.26  1.01  0.94  0.91  
11.28  1.02  0.92  0.92  
11.30  0.97  0.93  0.92  
11.32  0.98  0.94  0.92  
11.34  0.95  0.95  0.94  
11.36  0.93  0.95  0.93  
11.38  0.96  0.94  0.95  
11.40  0.93  0.95  0.95  
11.42  0.91  0.96  0.95  
11.44  0.93  0.96  0.97  
11.46  0.93  0.97  0.96  
11.48  0.89  0.98  0.99  
11.50  0.92  0.97  1.01  
11.52  0.91  0.98  1.00  
11.54  0.90  0.99  1.01  
11.56  0.90  0.99  1.02  
11.58  0.92  0.99  1.05  
11.60  0.90  1.00  1.05  
11.62  0.92  1.00  1.06  
11.64  0.93  1.01  1.07  
11.66  0.97  1.01  1.08  
11.68  0.95  1.02  1.09  
11.70  0.98  1.02  1.10  
11.72  0.98  1.02  1.11  
11.74  0.99  1.02  1.11  
11.76  0.97  1.02  1.12  
11.78  0.99  1.02  1.13  
11.80  1.03  1.03  1.13  
11.82  1.01  1.03  1.12  
11.84  1.04  1.02  1.13  
11.86  1.05  1.04  1.14  
11.88  1.07  1.02  1.13  
11.90  1.04  1.06  1.13  
11.92  1.05  1.03  1.12  
11.94  1.07  1.03  1.12  
11.96  1.05  1.03  1.10  
11.98  1.06  1.05  1.12  
12.00  1.05  1.04  1.11  
12.02  1.09  1.05  1.09  
12.04  1.09  1.05  1.07  
12.06  1.08  1.05  1.07  
12.08  1.10  1.04  1.06  
12.10  1.06  1.05  1.04  
12.12  1.06  1.06  1.04  
12.14  1.06  1.05  1.03  
12.16  1.05  1.05  1.03  
12.18  1.06  1.06  1.01  
12.20  1.04  1.07  1.00  
12.22  1.04  1.07  1.00  
12.24  1.03  1.06  0.98  
12.26  1.05  1.07  0.97  
12.28  1.03  1.06  0.97  
12.30  1.03  1.07  0.95  
12.32  1.03  1.06  0.95  
12.34  0.99  1.06  0.95  
12.36  1.03  1.07  0.94  
12.38  1.01  1.06  0.94  
12.40  1.01  1.06  0.93  
12.42  0.99  1.07  0.95  
12.44  1.00  1.05  0.94  
12.46  0.98  1.06  0.92  
12.48  0.98  1.05  0.93  
12.50  1.00  1.05  0.93  
12.52  0.96  1.03  0.92  
12.54  0.97  1.04  0.93  
12.56  0.96  1.03  0.94  
12.58  0.94  1.02  0.92  
12.60  0.96  1.01  0.94  
12.62  0.95  1.01  0.94  
12.64  0.95  1.00  0.94  
12.66  0.95  0.99  0.95  
12.68  0.93  0.99  0.95  
12.70  0.93  0.98  0.94  
12.72  0.94  0.96  0.95  
12.74  0.95  0.95  0.94  
12.76  0.93  0.96  0.95  
12.78  0.92  0.94  0.96  
12.80  0.94  0.92  0.95  
12.82  0.94  0.91  0.95  
12.84  0.93  0.91  0.96  
12.86  0.94  0.91  0.96  
12.88  0.93  0.91  0.96  
12.90  0.94  0.91  0.95  
12.92  0.95  0.91  0.95  
12.94  0.95  0.90  0.94  
12.96  0.94  0.90  0.95  
12.98  0.95  0.90  0.96  
13.00  0.96  0.89  0.94  
13.02  0.96  0.89  0.94  
13.04  0.98  0.91  0.96  
13.06  0.96  0.90  0.97  
13.08  0.97  0.92  0.96  
13.10  1.00  0.92  0.97  
13.12  0.99  0.91  0.97  
13.14  1.00  0.91  0.97  
13.16  1.01  0.92  0.98  
13.18  1.01  0.93  0.98  
13.20  0.99  0.94  0.98  
13.22  1.05  0.96  0.98  
13.24  1.02  0.96  0.98  
13.26  1.02  0.96  0.98  
13.28  1.00  0.98  0.99  
13.30  1.03  0.97  1.00  
13.32  1.03  0.99  1.00  
13.34  1.03  0.98  1.00  
13.36  1.03  1.00  1.00  
13.38  1.05  1.02  1.02  
13.40  1.04  1.01  1.01  
13.42  1.05  1.03  1.02  
13.44  1.07  1.03  1.02  
13.46  1.06  1.03  1.02  
13.48  1.09  1.03  1.04  
13.50  1.06  1.04  1.02  
13.52  1.06  1.05  1.06  
13.54  1.06  1.06  1.04  
13.56  1.07  1.05  1.04  
13.58  1.09  1.05  1.05  
13.60  1.08  1.06  1.06  
13.62  1.07  1.06  1.07  
13.64  1.07  1.07  1.06  
13.66  1.06  1.06  1.07  
13.68  1.09  1.06  1.07  
13.70  1.07  1.05  1.08  
13.72  1.05  1.05  1.09  
13.74  1.07  1.04  1.08  
13.76  1.07  1.04  1.08  
13.78  1.04  1.04  1.09  
13.80  1.06  1.04  1.08  
13.82  1.06  1.05  1.09  
13.84  1.00  1.04  1.09  
13.86  1.02  1.03  1.09  
13.88  1.03  1.02  1.09  
13.90  1.00  1.03  1.07  
13.92  0.99  1.01  1.07  
13.94  0.98  1.02  1.07  
13.96  0.98  1.00  1.08  
13.98  0.97  1.00  1.07  
14.00  0.98  1.01  1.06  
14.02  0.96  1.00  1.04  
14.04  0.94  1.00  1.04  
14.06  0.92  1.01  1.03  
14.08  0.92  0.98  1.02  
14.10  0.93  0.98  1.02  
14.12  0.92  0.98  1.01  
14.14  0.92  0.99  1.00  
14.16  0.92  0.98  1.01  
14.18  0.90  0.99  0.99  
14.20  0.89  0.98  0.99  
14.22  0.90  0.97  0.96  
14.24  0.89  0.98  0.97  
14.26  0.91  0.98  0.96  
14.28  0.90  0.99  0.95  
14.30  0.88  0.98  0.96  
14.32  0.89  0.98  0.94  
14.34  0.87  0.98  0.93  
14.36  0.90  0.99  0.93  
14.38  0.89  1.00  0.92  
14.40  0.90  0.99  0.91  
14.42  0.90  1.00  0.92  
14.44  0.90  0.99  0.91  
14.46  0.91  1.00  0.91  
14.48  0.90  1.00  0.91  
14.50  0.93  1.00  0.91  
14.52  0.92  1.00  0.92  
14.54  0.93  0.99  0.91  
14.56  0.95  0.99  0.91  
14.58  0.95  0.99  0.92  
14.60  0.95  1.00  0.91  
14.62  0.95  0.99  0.91  
14.64  0.96  1.00  0.92  
14.66  0.96  1.00  0.93  
14.68  0.99  0.99  0.92  
14.70  1.01  1.01  0.93  
14.72  1.01  1.00  0.93  
14.74  1.01  1.00  0.95  
14.76  1.04  1.00  0.95  
14.78  1.02  0.99  0.95  
14.80  1.04  0.99  0.95  
14.82  1.05  0.98  0.96  
14.84  1.05  1.00  0.96  
14.86  1.05  0.99  0.97  
14.88  1.07  0.99  0.96  
14.90  1.09  0.99  0.98  
14.92  1.09  0.99  0.99  
14.94  1.08  0.99  0.99  
14.96  1.08  0.99  1.00  
14.98  1.08  1.00  0.99  
15.00  1.10  0.98  1.00  
15.02  1.07  1.00  1.00  
15.04  1.08  0.99  1.01  
15.06  1.09  0.99  1.01  
15.08  1.07  1.00  1.02  
15.10  1.07  0.99  1.02  
15.12  1.07  1.00  1.03  
15.14  1.08  0.99  1.04  
15.16  1.07  1.00  1.03  
15.18  1.08  0.99  1.03  
15.20  1.07  1.00  1.03  
15.22  1.05  1.00  1.02  
15.24  1.08  1.00  1.03  
15.26  1.06  1.01  1.04  
15.28  1.06  1.00  1.04  
15.30  1.05  1.01  1.04  
15.32  1.04  1.01  1.04  
15.34  1.05  1.02  1.04  
15.36  1.04  1.01  1.04  
15.38  1.05  1.00  1.04  
15.40  1.03  1.01  1.05  
15.42  1.04  1.00  1.04  
15.44  1.05  1.00  1.04  
15.46  1.05  0.99  1.04  
15.48  1.04  1.00  1.04  
15.50  1.03  1.00  1.04  
15.52  1.02  1.00  1.05  
15.54  1.03  0.99  1.05  
15.56  1.03  0.98  1.04  
15.58  1.01  0.98  1.05  
15.60  1.04  0.99  1.05  
15.62  1.02  0.98  1.04  
15.64  0.99  0.98  1.04  
15.66  1.01  0.98  1.04  
15.68  1.00  0.97  1.04  
15.70  1.01  0.98  1.03  
15.72  1.01  0.97  1.04  
15.74  1.00  0.97  1.02  
15.76  1.00  0.98  1.03  
15.78  0.99  0.98  1.03  
15.80  0.94  0.98  1.02  
15.82  0.97  0.98  1.02  
15.84  0.96  0.97  1.01  
15.86  0.96  0.97  1.02  
15.88  0.94  0.97  1.01  
15.90  0.94  0.98  1.02  
15.92  0.95  0.98  1.01  
15.94  0.94  0.98  1.00  
15.96  0.93  0.99  1.01  
15.98  0.91  0.99  1.00  
16.00  0.92  1.00  1.00  
16.02  0.91  0.99  1.01  
16.04  0.93  1.00  1.00  
16.06  0.92  1.00  0.99  
16.08  0.92  0.99  1.00  
16.10  0.92  1.00  0.98  
16.12  0.92  1.01  0.99  
16.14  0.92  1.02  0.99  
16.16  0.92  1.02  0.98  
16.18  0.92  1.03  0.97  
16.20  0.95  1.02  0.98  
16.22  0.94  1.03  0.98  
16.24  0.93  1.03  0.97  
16.26  0.94  1.02  0.98  
16.28  0.96  1.04  0.98  
16.30  0.94  1.03  0.97  
16.32  0.97  1.04  0.97  
16.34  0.95  1.03  0.97  
16.36  0.97  1.03  0.97  
16.38  0.97  1.03  0.96  
16.40  0.97  1.04  0.97  
16.42  0.98  1.03  0.96  
16.44  1.00  1.03  0.96  
16.46  1.00  1.03  0.96  
16.48  1.00  1.02  0.96  
16.50  1.02  1.03  0.96  
16.52  1.01  1.03  0.96  
16.54  1.04  1.02  0.96  
16.56  1.04  1.02  0.96  
16.58  1.04  1.01  0.95  
16.60  1.04  1.03  0.95  
16.62  1.03  1.01  0.95  
16.64  1.05  1.02  0.95  
16.66  1.02  1.01  0.95  
16.68  1.03  1.01  0.95  
16.70  1.04  1.00  0.96  
16.72  1.03  1.01  0.95  
16.74  1.04  1.00  0.95  
16.76  1.05  1.00  0.95  
16.78  1.06  0.99  0.96  
16.80  1.03  0.99  0.96  
16.82  1.03  0.99  0.95  
16.84  1.03  0.98  0.96  
16.86  1.02  0.98  0.97  
16.88  1.03  0.97  0.96  
16.90  1.02  0.98  0.96  
16.92  1.00  0.98  0.98  
16.94  0.99  0.98  0.97  
16.96  1.00  0.98  0.98  
16.98  1.01  0.98  0.99  
17.00  0.99  0.97  0.98  
17.02  1.00  0.98  0.99  
17.04  0.99  0.98  0.99  
17.06  0.97  0.97  0.99  
17.08  0.98  0.97  1.00  
17.10  0.99  0.97  1.01  
17.12  0.98  0.98  1.01  
17.14  0.97  0.98  1.01  
17.16  0.97  0.97  1.01  
17.18  0.97  0.97  1.02  
17.20  0.98  0.97  1.02  
17.22  0.96  0.97  1.03  
17.24  0.95  0.97  1.03  
17.26  0.96  0.97  1.03  
17.28  0.97  0.98  1.05  
17.30  0.96  0.98  1.04  
17.32  0.97  0.97  1.04  
17.34  0.96  0.98  1.05  
17.36  0.97  0.97  1.05  
17.38  0.97  0.97  1.05  
17.40  0.96  0.97  1.05  
17.42  0.98  0.98  1.05  
17.44  0.99  0.97  1.05  
17.46  0.99  0.98  1.05  
17.48  0.98  0.98  1.06  
17.50  0.98  0.99  1.06  
17.52  1.00  0.99  1.05  
17.54  1.01  0.98  1.05  
17.56  1.01  0.98  1.04  
17.58  1.02  0.99  1.05  
17.60  1.00  0.99  1.05  
17.62  1.01  0.99  1.04  
17.64  1.00  0.99  1.05  
17.66  1.02  0.99  1.04  
17.68  1.02  1.00  1.04  
17.70  1.03  1.00  1.03  
17.72  1.05  1.00  1.03  
17.74  1.03  1.01  1.03  
17.76  1.04  1.01  1.03  
17.78  1.03  1.00  1.03  
17.80  1.04  1.00  1.03  
17.82  1.02  1.01  1.03  
17.84  1.03  1.00  1.02  
17.86  1.04  1.01  1.01  
17.88  1.03  1.01  1.01  
17.90  1.03  1.02  1.00  
17.92  1.03  1.02  1.01  
17.94  1.05  1.02  1.01  
17.96  1.04  1.02  1.00  
17.98  1.03  1.03  0.99  
18.00  1.03  1.03  1.00  
18.02  1.03  1.02  0.99  
18.04  1.04  1.02  0.99  
18.06  1.02  1.03  0.99  
18.08  1.02  1.03  0.98  
18.10  1.03  1.03  0.98  
18.12  1.02  1.03  0.98  
18.14  1.02  1.04  0.98  
18.16  1.03  1.03  0.97  
18.18  1.04  1.03  0.97  
18.20  1.04  1.04  0.97  
18.22  1.02  1.03  0.97  
18.24  1.03  1.03  0.97  
18.26  1.03  1.03  0.97  
18.28  1.01  1.03  0.96  
18.30  1.02  1.03  0.95  
18.32  1.02  1.02  0.96  
18.34  1.01  1.01  0.96  
18.36  1.01  1.02  0.95  
18.38  1.01  1.01  0.95  
18.40  1.02  1.00  0.95  
18.42  1.02  1.01  0.95  
18.44  1.01  1.01  0.96  
18.46  1.01  1.00  0.94  
18.48  1.00  1.01  0.96  
18.50  0.98  1.00  0.95  
18.52  0.99  0.99  0.95  
18.54  1.01  0.99  0.95  
18.56  0.98  0.99  0.95  
18.58  0.99  0.99  0.94  
18.60  0.96  0.98  0.96  
18.62  0.97  0.98  0.96  
18.64  0.97  0.98  0.95  
18.66  0.97  0.98  0.96  
18.68  0.95  0.97  0.96  
18.70  0.96  0.98  0.96  
18.72  0.94  0.98  0.97  
18.74  0.94  0.96  0.96  
18.76  0.94  0.97  0.97  
18.78  0.94  0.96  0.98  
18.80  0.95  0.97  0.98  
18.82  0.92  0.97  0.97  
18.84  0.93  0.97  0.97  
18.86  0.94  0.98  0.98  
18.88  0.94  0.98  0.98  
18.90  0.93  0.97  0.99  
18.92  0.93  0.97  1.00  
18.94  0.94  0.98  1.00  
18.96  0.94  0.98  1.00  
18.98  0.94  0.98  1.01  
19.00  0.95  0.98  1.00  
19.02  0.93  0.97  1.00  
19.04  0.95  0.98  1.01  
19.06  0.96  0.98  1.01  
19.08  0.97  0.98  1.01  
19.10  0.97  0.99  1.01  
19.12  0.97  0.99  1.02  
19.14  0.97  0.99  1.03  
19.16  0.97  0.99  1.03  
19.18  0.98  1.00  1.02  
19.20  0.99  1.00  1.02  
19.22  1.00  1.00  1.04  
19.24  1.00  1.00  1.03  
19.26  1.01  1.01  1.04  
19.28  1.01  1.00  1.04  
19.30  1.04  1.01  1.04  
19.32  1.02  1.02  1.04  
19.34  1.03  1.01  1.04  
19.36  1.05  1.01  1.05  
19.38  1.04  1.01  1.05  
19.40  1.04  1.01  1.04  
19.42  1.07  1.01  1.05  
19.44  1.04  1.01  1.06  
19.46  1.05  1.01  1.05  
19.48  1.07  1.01  1.05  
19.50  1.07  1.02  1.05  
19.52  1.06  1.01  1.05  
19.54  1.04  1.01  1.05  
19.56  1.06  1.01  1.05  
19.58  1.07  1.00  1.05  
19.60  1.05  1.01  1.05  
19.62  1.07  1.01  1.06  
19.64  1.04  1.02  1.05  
19.66  1.05  1.01  1.04  
19.68  1.05  1.01  1.03  
19.70  1.04  1.00  1.04  
19.72  1.03  1.00  1.04  
19.74  1.03  1.01  1.04  
19.76  1.02  1.00  1.03  
19.78  1.01  0.99  1.02  
19.80  1.02  0.99  1.02  
19.82  1.01  1.00  1.02  
19.84  1.02  1.00  1.01  
19.86  0.98  0.99  1.01  
19.88  0.99  1.00  1.00  
19.90  1.00  1.00  0.99  
19.92  0.99  1.00  0.99  
19.94  0.99  1.00  0.98  
19.96  0.99  1.00  0.98  
19.98  0.97  0.99  0.97  
20.00  0.97  0.99  0.97  
20.02  0.97  0.99  0.97  
20.04  0.98  0.99  0.96  
20.06  0.97  1.00  0.96  
20.08  0.97  0.99  0.96  
20.10  0.97  0.99  0.96  
20.12  0.96  0.99  0.95  
20.14  0.96  0.99  0.95  
20.16  0.96  0.99  0.94  
20.18  0.97  0.99  0.94  
20.20  0.96  0.99  0.94  
20.22  0.97  0.99  0.94  
20.24  0.97  0.99  0.94  
20.26  0.97  0.99  0.94  
20.28  0.95  0.99  0.93  
20.30  0.96  0.99  0.94  
20.32  0.95  1.00  0.94  
20.34  0.98  0.99  0.95  
20.36  0.96  0.99  0.95  
20.38  0.97  1.00  0.95  
20.40  0.97  1.00  0.94  
20.42  0.97  0.99  0.95  
20.44  0.98  1.00  0.95  
20.46  0.97  1.00  0.95  
20.48  0.97  1.00  0.96  
20.50  0.98  1.00  0.96  
20.52  0.99  1.01  0.97  
20.54  0.98  1.00  0.96  
20.56  1.00  1.01  0.97  
20.58  1.00  1.00  0.97  
20.60  0.98  1.00  0.98  
20.62  1.00  1.01  0.97  
20.64  1.00  1.01  0.98  
20.66  1.00  1.00  0.99  
20.68  1.01  1.01  0.99  
20.70  1.02  1.00  0.99  
20.72  1.03  1.01  1.00  
20.74  1.02  1.01  1.00  
20.76  1.04  1.00  1.00  
20.78  1.02  1.01  1.01  
20.80  1.02  1.00  1.01  
20.82  1.02  1.01  1.01  
20.84  1.03  1.00  1.01  
20.86  1.04  1.00  1.01  
20.88  1.03  1.00  1.02  
20.90  1.03  1.01  1.02  
20.92  1.04  1.01  1.03  
20.94  1.04  1.00  1.03  
20.96  1.03  1.01  1.02  
20.98  1.03  1.00  1.02  
21.00  1.02  1.00  1.03  
21.02  1.02  1.01  1.03  
21.04  1.04  0.99  1.03  
21.06  1.03  1.00  1.03  
21.08  1.02  1.00  1.03  
21.10  1.03  1.00  1.04  
21.12  1.02  1.00  1.03  
21.14  1.02  1.00  1.03  
21.16  1.02  1.00  1.03  
21.18  1.01  0.99  1.03  
21.20  1.01  1.00  1.04  
21.22  0.98  0.99  1.03  
21.24  1.01  1.00  1.03  
21.26  1.00  1.00  1.03  
21.28  1.00  1.00  1.02  
21.30  1.00  1.00  1.04  
21.32  1.00  0.99  1.03  
21.34  0.99  0.99  1.03  
21.36  1.00  0.99  1.03  
21.38  0.99  0.98  1.02  
21.40  0.99  0.99  1.02  
21.42  0.99  0.99  1.02  
21.44  0.98  0.99  1.02  
21.46  0.98  0.98  1.02  
21.48  0.99  0.99  1.01  
21.50  0.98  0.99  1.02  
21.52  0.98  0.99  1.02  
21.54  0.97  0.98  1.02  
21.56  0.98  0.99  1.02  
21.58  0.98  0.99  1.00  
21.60  0.99  0.99  1.01  
21.62  0.98  0.99  1.00  
21.64  0.97  0.99  1.00  
21.66  0.99  0.99  1.01  
21.68  0.97  0.99  1.00  
21.70  0.97  0.99  1.00  
21.72  0.98  0.99  1.00  
21.74  0.99  1.00  1.01  
21.76  0.97  0.99  1.01  
21.78  0.97  0.99  1.01  
21.80  0.98  0.99  1.00  
21.82  0.98  0.99  1.00  
21.84  1.00  0.99  1.00  
21.86  0.98  1.00  1.00  
21.88  0.99  1.00  0.99  
21.90  0.98  0.99  0.99  
21.92  0.97  1.00  1.00  
21.94  0.99  1.00  1.00  
21.96  1.00  1.00  0.99  
21.98  0.99  0.99  0.98  
22.00  0.99  1.01  0.99  
22.02  0.99  1.00  0.99  
22.04  1.00  1.00  0.99  
22.06  1.00  1.00  0.99  
22.08  0.98  1.01  0.98  
22.10  0.99  1.01  0.98  
22.12  1.00  1.00  0.98  
22.14  1.01  1.01  0.97  
22.16  1.02  1.01  0.98  
22.18  1.01  1.01  0.98  
22.20  1.01  1.01  0.97  
22.22  1.02  1.00  0.96  
22.24  1.02  1.01  0.96  
22.26  1.01  1.01  0.97  
22.28  1.01  1.01  0.96  
22.30  1.00  1.02  0.97  
22.32  1.01  1.01  0.96  
22.34  1.01  1.01  0.96  
22.36  1.02  1.00  0.96  
22.38  1.01  1.01  0.95  
22.40  1.01  1.01  0.96  
22.42  1.01  1.00  0.96  
22.44  1.01  1.01  0.96  
22.46  1.01  1.01  0.96  
22.48  1.01  1.00  0.96  
22.50  1.01  1.01  0.96  
22.52  1.01  1.01  0.96  
22.54  0.99  1.00  0.96  
22.56  1.00  1.00  0.97  
22.58  1.01  1.00  0.96  
22.60  1.01  1.00  0.97  
22.62  1.00  1.00  0.97  
22.64  0.99  1.00  0.98  
22.66  1.00  1.00  0.97  
22.68  1.01  1.00  0.98  
22.70  1.00  1.00  0.99  
22.72  0.99  1.00  0.99  
22.74  1.00  1.00  0.99  
22.76  0.99  1.00  0.99  
22.78  0.99  0.99  1.00  
22.80  1.00  1.00  1.01  
22.82  0.99  0.99  1.00  
22.84  0.99  1.00  1.01  
22.86  0.99  1.00  1.02  
22.88  1.01  0.99  1.02  
22.90  0.99  0.99  1.02  
22.92  1.00  0.99  1.02  
22.94  0.99  0.99  1.03  
22.96  1.00  0.99  1.02  
22.98  0.99  0.99  1.02  
23.00  1.01  0.98  1.03  
23.02  0.99  0.99  1.03  
23.04  0.99  0.99  1.03  
23.06  1.00  0.98  1.04  
23.08  1.00  0.99  1.03  
23.10  1.00  0.99  1.04  
23.12  1.00  1.00  1.05  
23.14  1.00  0.99  1.04  
23.16  1.00  0.99  1.03  
23.18  1.01  0.99  1.04  
23.20  0.98  0.99  1.04  
23.22  1.01  0.98  1.04  
23.24  1.00  0.99  1.04  
23.26  0.99  1.00  1.03  
23.28  1.00  0.99  1.04  
23.30  0.99  0.99  1.03  
23.32  0.98  1.00  1.03  
23.34  0.99  0.99  1.03  
23.36  0.98  0.99  1.03  
23.38  0.99  0.99  1.03  
23.40  0.99  0.99  1.02  
23.42  0.99  0.99  1.03  
23.44  0.99  1.00  1.02  
23.46  0.98  1.00  1.02  
23.48  0.98  1.00  1.02  
23.50  0.98  0.99  1.02  
23.52  0.99  1.00  1.01  
23.54  0.99  0.99  1.01  
23.56  0.98  1.00  1.01  
23.58  0.99  1.00  1.01  
23.60  0.98  1.00  1.00  
23.62  1.00  1.00  1.00  
23.64  0.98  1.00  1.01  
23.66  1.00  1.00  1.00  
23.68  0.99  1.00  0.99  
23.70  1.00  1.00  1.00  
23.72  0.99  1.00  0.99  
23.74  1.00  1.00  0.99  
23.76  1.00  1.00  0.99  
23.78  1.01  1.00  0.98  
23.80  1.01  1.01  0.99  
23.82  1.00  1.01  0.98  
23.84  1.01  1.00  0.98  
23.86  1.02  1.00  0.98  
23.88  1.01  1.01  0.98  
23.90  1.01  1.01  0.98  
23.92  1.02  1.00  0.98  
23.94  1.04  1.00  0.98  
23.96  1.03  1.01  0.98  
23.98  1.03  1.00  0.97  
24.00  0.51  0.50  0.49  
