           6      13.3055      28.7757      22.2888       1.0000            5
          31      45.1543      59.5652      49.0591       1.0000            5
          53      48.5878      58.8865      43.7969       1.0000            5
          54      39.3922      37.4867      16.0515       1.0000            5
         122      50.4281      27.6437      53.0629       1.0000            5
         124      47.6495      28.0619      33.5351       1.0000            5
         146      49.3984      42.8497      51.8093       1.0000            5
         150      21.3799      12.1173      41.9088       1.0000            5
         151      52.4189      10.3621      41.9509       1.0000            5
         164      15.9986      24.3326      36.3773       1.0000            5
         208      29.8374      30.6226      38.9314       1.0000            5
         219      37.8692      21.7581      12.7577       1.0000            5
         254      18.5245      23.2790      26.3575       1.0000            5
         261      30.0694      38.2508      41.4448       1.0000            5
         264      42.9516      30.5144      35.3900       1.0000            5
         308      59.3936      33.5086      32.0352       1.0000            5
         310      26.2135      54.7215      51.2663       1.0000            5
         322      45.6425      33.1825      52.4585       1.0000            5
         347      53.6522      12.2790      47.1238       1.0000            5
         355      14.8838      25.5897      13.9631       1.0000            5
         360      41.3964      41.6788      21.3222       1.0000            5
         387      31.5130      49.7419       9.1859       1.0000            5
         451      47.0140      51.4117      41.8235       1.0000            5
         468      48.7521      35.5192      47.0967       1.0000            5
         488       9.1729      31.9026      29.1861       1.0000            5
         541      14.6317      25.7744      31.8378       1.0000            5
         570      22.6577      11.2999      45.7947       1.0000            5
         607      54.8006      33.8777      15.5413       1.0000            5
         617      10.8406      39.9011      44.7089       1.0000            5
         647      42.0175      38.2424       8.6768       1.0000            5
         694      58.0554      41.6173      21.4472       1.0000            5
         698      23.8341      10.9273      42.0160       1.0000            5
         714      16.5356      24.4434      29.0386       1.0000            5
         743      16.4016      46.8821      36.9534       1.0000            5
         795      16.8001      42.6749      44.0614       1.0000            5
         823      23.1372      16.8318      41.3647       1.0000            5
         828      18.9247      18.7690      37.4747       1.0000            5
         844      58.6131      39.7578       9.3557       1.0000            5
         984      52.4053      12.0993      28.7146       1.0000            5
        1039      24.0539      29.6550      38.4600       1.0000            5
        1044      10.5200      54.9827      27.6635       1.0000            5
        1049      24.1146      42.8570      38.3056       1.0000            5
        1057      53.0623      32.3263      28.9428       1.0000            5
        1078      41.3962      38.9214      17.8770       1.0000            5
        1170      17.3866      58.0711      32.2761       1.0000            5
        1178      54.9758      32.7620      30.8599       1.0000            5
        1181      53.9411      28.9585      22.4108       1.0000            5
        1189      34.6944      37.3972      45.6525       1.0000            5
        1255      28.1780      47.8200      53.1413       1.0000            5
        1287      48.2972      13.2782      47.9204       1.0000            5
        1305      28.5807      40.6186      13.7624       1.0000            5
        1317      28.8812      26.1484      37.2442       1.0000            5
        1330      48.0018      27.4311      48.8430       1.0000            5
        1386      35.1483      42.8384      51.7438       1.0000            5
        1409      20.2713      43.9901      30.3323       1.0000            5
        1495      45.5563      51.5812      55.8026       1.0000            5
        1542      45.7849      13.0903      46.1968       1.0000            5
        1679      51.5614      47.1911      57.5748       1.0000            5
        1735      52.3848      23.2866      25.5862       1.0000            5
        1743      31.1110      34.7183      12.9297       1.0000            5
        1788      57.7089      30.3141      26.6991       1.0000            5
        1794      13.2040      57.5526      28.1416       1.0000            5
        1818      50.5262      58.1779      24.7807       1.0000            5
        1850      59.3121      37.1010      56.9707       1.0000            5
        1920      49.4931      28.1910      44.6252       1.0000            5
        1936      43.1709      31.9495      52.2075       1.0000            5
        1939      49.5307      45.6897      52.3593       1.0000            5
        1950      26.2406      28.2225      37.6401       1.0000            5
        1976      15.0378      30.2950      19.7876       1.0000            5
        1999      19.1176      34.6452      43.1711       1.0000            5
        2000      26.7144      45.9759      48.1965       1.0000            5
        2007      39.1316      45.0279      53.3116       1.0000            5
        2033      27.3213      32.6083      38.7593       1.0000            5
        2066      29.3148      48.4923      19.7244       1.0000            5
        2102      30.9120      24.1378      35.3078       1.0000            5
        2115      58.0605      43.3327      56.6885       1.0000            5
        2130      54.7833      38.2218      32.6665       1.0000            5
        2145      24.3219      45.1537      54.9129       1.0000            5
        2151      42.4686      45.4235      54.5795       1.0000            5
        2226      42.4434      56.7571      48.8614       1.0000            5
        2233      20.9139      13.4108      45.3698       1.0000            5
        2237       9.9106      35.6422      28.2854       1.0000            5
        2238      24.1844      42.0296      40.8189       1.0000            5
        2338      26.9975      14.7005      45.0957       1.0000            5
        2376      24.3476      39.7053      34.3277       1.0000            5
        2410      43.5710      35.7864      39.1983       1.0000            5
        2420      43.7111      29.6181      31.1090       1.0000            5
        2455      44.9917      45.5605      34.7955       1.0000            5
        2471      38.4216      20.1051      35.5958       1.0000            5
        2492       9.2839      18.0073      17.2236       1.0000            5
        2499      14.2281      30.4635      27.2430       1.0000            5
        2526      53.3885      15.1846      14.2105       1.0000            5
        2531      28.2378      33.2717      41.2470       1.0000            5
        2537      32.1791      56.1580      31.1861       1.0000            5
        2557       9.8516      44.5007      47.2024       1.0000            5
        2700      37.8879      13.6964      43.4794       1.0000            5
        2727      29.7770      22.4404      39.8552       1.0000            5
        2743      57.3893      22.5397      21.6689       1.0000            5
        2770      38.3024      28.6165      39.3446       1.0000            5
        2804      30.6034      26.4215      17.0177       1.0000            5
        2834      41.0555      18.1833      27.4935       1.0000            5
        2871      35.7071      49.0399      39.5885       1.0000            5
        2922      27.2082      20.8584      40.0918       1.0000            5
        3003      58.3328      13.5578      10.0358       1.0000            5
        3017      33.0884      38.8878       9.3911       1.0000            5
        3053      35.8295      36.6048      49.0767       1.0000            5
        3062      17.4870      55.4950      33.6693       1.0000            5
        3135      51.6344      46.5869      11.4666       1.0000            5
        3141      43.4110      43.2489      52.7356       1.0000            5
        3157      49.4538      11.0799      40.4336       1.0000            5
        3174      54.3521      45.4892      28.3326       1.0000            5
        3199      42.4439      51.0506      52.4650       1.0000            5
        3200      52.7741      39.7082      49.7653       1.0000            5
        3209      33.2596      25.6101      28.2308       1.0000            5
        3213      51.6096      35.5522      48.9342       1.0000            5
        3270      50.0003      57.6087      40.4200       1.0000            5
        3285       9.8931      57.3790      51.6254       1.0000            5
        3292      56.3393      46.4499      32.5888       1.0000            5
        3342      11.8796      29.4527      29.4626       1.0000            5
        3377      45.1012      22.4723      32.4265       1.0000            5
        3480      58.7233      19.3139      43.4147       1.0000            5
        3575      56.2614      47.9029      42.6330       1.0000            5
        3580      11.1717      10.7629      21.4617       1.0000            5
        3639      47.3517      37.7733      25.2078       1.0000            5
        3707      17.5014      54.5786      41.8750       1.0000            5
        3720      48.1421      12.4903      45.0974       1.0000            5
        3729      44.8481      47.1282      54.1911       1.0000            5
        3755      43.9034      35.0555      48.1712       1.0000            5
        3912      42.1615      18.7794      49.7184       1.0000            5
        3923      11.3011      27.6025      26.9676       1.0000            5
        3953      21.1390      52.6977      21.0444       1.0000            5
        3978      49.9441       8.0373      38.9886       1.0000            5
        3998      33.4805      23.0897      26.5668       1.0000            5
        4005      49.0648      30.0519      47.5489       1.0000            5
        4109      59.1208      29.8012      21.9987       1.0000            5
        4140      44.1340      48.1972       9.9159       1.0000            5
        4162      54.1534      25.6666      48.8707       1.0000            5
        4177      30.3944      52.3545      21.2527       1.0000            5
        4212      40.8132      43.0304      54.5695       1.0000            5
        4217      45.5213      28.6273      11.2186       1.0000            5
        4322      30.2347      39.4489       8.3021       1.0000            5
        4352      22.7611       7.6126      45.1829       1.0000            5
        4372      46.1711      34.5843      46.7396       1.0000            5
        4375      26.6890      44.3739      46.2633       1.0000            5
        4378      29.8861      53.2355      23.5117       1.0000            5
        4431      54.7066      31.1974      48.5671       1.0000            5
        4451       8.3734      39.7439      15.6193       1.0000            5
        4508      11.4654      12.1003      57.4599       1.0000            5
        4529      25.7910      11.2492      46.3927       1.0000            5
        4531      29.3690      20.0129      41.5061       1.0000            5
        4540      55.5938      20.8956      31.4119       1.0000            5
        4558       8.8098       8.8306      57.4217       1.0000            5
        4599       7.4974      20.3095      23.4907       1.0000            5
        4604      20.8495      29.1444      29.4072       1.0000            5
        4607      56.7312      42.0782      54.1402       1.0000            5
        4628      18.7862      30.5324      34.9334       1.0000            5
        4633      43.5898      12.1842      33.1299       1.0000            5
        4636      26.5164      28.8057      52.9102       1.0000            5
        4675      23.6201      35.7030      21.8443       1.0000            5
        4699      25.7411      22.4484      42.2073       1.0000            5
        4725      25.8486      55.1001      45.5052       1.0000            5
        4740      35.5857       9.2306      19.9534       1.0000            5
        4742      26.5539       8.0174      45.0026       1.0000            5
        4783      39.2614      46.0755      23.7075       1.0000            5
        4794      20.3400      24.6295      27.9651       1.0000            5
        4813      26.3678      52.0462      50.5917       1.0000            5
        4848      46.3289      43.2288      52.4029       1.0000            5
        4888      22.5663      40.6964      37.7961       1.0000            5
        4903      52.7436      17.0764      42.0526       1.0000            5
        4921      38.2759      43.9008      21.3537       1.0000            5
        5066      10.7264      38.4951      16.9946       1.0000            5
        5070      47.2474      43.1344      59.3019       1.0000            5
        5076      42.4101      32.8264      48.5671       1.0000            5
        5150      55.5309      22.8180      42.9973       1.0000            5
        5154      47.5709      32.2250      16.2726       1.0000            5
        5161      29.4435      28.6708      40.7476       1.0000            5
        5231      51.8004      32.3246      47.5083       1.0000            5
        5237      26.5848      35.2482      34.4225       1.0000            5
        5292      26.7295      17.7337      44.4492       1.0000            5
        5294      29.7902      43.7618      46.6482       1.0000            5
        5307      45.2421      36.0750      50.3882       1.0000            5
        5334      42.3084      43.4893      24.0673       1.0000            5
        5338      38.9149      37.1979      46.2473       1.0000            5
        5358      29.0020      22.9294      37.0319       1.0000            5
        5384      38.1692      27.5049      10.1752       1.0000            5
        5424      18.4964      11.0508      28.5619       1.0000            5
        5470      52.2375      24.7314      46.6469       1.0000            5
        5493      18.7575      48.3186      37.2436       1.0000            5
        5500      58.0347      44.8071      26.9908       1.0000            5
        5509      27.2796      37.0402      37.2196       1.0000            5
        5565      29.3523      50.4621      51.9323       1.0000            5
        5576      43.0510      10.2705      48.7653       1.0000            5
        5641      44.3690      34.2271      42.4504       1.0000            5
        5655      47.1081      15.8773       7.3958       1.0000            5
        5673      40.6427      38.7861      39.1994       1.0000            5
        5694      54.6412      20.0142      15.3392       1.0000            5
        5758      56.8883      49.4231      49.9101       1.0000            5
        5762      14.5357      46.9405      32.8987       1.0000            5
        5817      38.8418      31.3952      28.2813       1.0000            5
        5837      36.7724      51.3140      53.1846       1.0000            5
        5894      51.2870      49.6245      10.5417       1.0000            5
        5932      18.7313      30.9770      53.2899       1.0000            5
        5990      27.9025      36.7407      29.4295       1.0000            5
        6079      55.1020      24.0135      23.4013       1.0000            5
        6080      35.5266      41.1071      20.9476       1.0000            5
        6104      26.9049      42.7648      42.4187       1.0000            5
        6135      55.7024      18.9600      43.3220       1.0000            5
        6154      26.2034      19.6813      36.6467       1.0000            5
        6160      24.3108      42.2197      35.7710       1.0000            5
        6167      13.7508      55.9341      56.6210       1.0000            5
        6220      41.5820      31.0523      39.3297       1.0000            5
        6221      25.3081      13.3694      47.8178       1.0000            5
        6256      33.6869      51.0232      54.4902       1.0000            5
        6318      38.0915      49.1008      16.3623       1.0000            5
        6340      40.8734      32.5904      36.4271       1.0000            5
        6375      55.6484      34.2387      29.0894       1.0000            5
        6405      51.7616      49.6340      39.6282       1.0000            5
        6415      16.9246      28.7455      37.6044       1.0000            5
        6470      51.0062      24.1464      15.2759       1.0000            5
        6588      51.1477      41.2275      50.7502       1.0000            5
        6593      21.0888      45.6261       8.6454       1.0000            5
        6650      10.5545       9.5090      23.7487       1.0000            5
        6670      34.7406      51.0882      55.8797       2.0000            5
        6704      44.8137      52.9446      55.7340       2.0000            5
        6729      57.6786      39.5024      10.9019       2.0000            5
        6742      42.6560      44.4745      25.4161       2.0000            5
        6744      18.4875      47.2477      35.9552       2.0000            5
        6767      42.7595      30.8076      53.1217       2.0000            5
        6769      51.6702      17.0436      43.0337       2.0000            5
        6774      47.8131      28.6947      45.2678       2.0000            5
        6785      14.3836      57.4131      29.2001       2.0000            5
        6812      28.4685      34.9500      30.0279       2.0000            5
        6852      33.0617      56.3110      32.6579       2.0000            5
        6855      45.6426      11.8121      45.2695       2.0000            5
        6868      29.7337      54.9518      23.7291       2.0000            5
        6906      12.3445      39.9754      46.0624       2.0000            5
        6908      40.9980      46.5980      54.6087       2.0000            5
        6915       9.8641      10.1069      24.8440       2.0000            5
        6935      20.9964      42.4860      30.0485       2.0000            5
        6937      42.7350      34.5061      39.9997       2.0000            5
        6963      51.1157      51.2773      10.5038       2.0000            5
        6989      55.8476      39.1186      33.6387       2.0000            5
        6997      10.3385       8.2752      57.3144       2.0000            5
        6999      54.7390      29.7294      48.7677       2.0000            5
        7008      48.6917      36.6402      48.5621       2.0000            5
        7020      50.5470      58.6864      39.4505       2.0000            5
        7033       8.3006      37.2131      55.4840       2.0000            5
        7039      48.1497      57.7586      40.5754       2.0000            5
        7063      31.9506      24.8597      28.6047       2.0000            5
        7064      44.4237      21.6409      33.6236       2.0000            5
        7097      55.2285      49.6501      49.4119       2.0000            5
        7116      28.5677      49.8541      19.8033       2.0000            5
        7151      40.8871      45.7124      24.0548       2.0000            5
        7162      38.6834      21.7140      35.6540       2.0000            5
        7168      28.0123      46.3725      48.8625       2.0000            5
        7183       9.1792      41.1168      15.2238       2.0000            5
        7185      30.3027      39.9906      59.1367       2.0000            5
        7194      43.1178      10.7922      32.3281       2.0000            5
        7207      27.1969      19.8878      41.2032       2.0000            5
        7224      34.7936      36.0255      47.7841       2.0000            5
        7255      53.8050      23.8920      24.7691       2.0000            5
        7276      53.9199      18.5342      16.2793       2.0000            5
        7277      52.3784      41.2122      49.7851       2.0000            5
        7280      16.9766      41.4437      45.3032       2.0000            5
        7310      35.5813      38.2573      48.6598       2.0000            5
        7324      29.6467      40.5257      11.8807       2.0000            5
        7337      31.2313      33.0831      13.4114       2.0000            5
        7363      50.7073      45.6932      12.5930       2.0000            5
        7364      11.0079      28.7532      27.9787       2.0000            5
        7373      36.9103      21.1405      11.5297       2.0000            5
        7388      56.3295      19.3466      15.3309       2.0000            5
        7401      32.4144      50.9878      55.6407       2.0000            5
        7418      24.6816      14.7965      47.9156       2.0000            5
        7435      42.2602      38.8768      16.6886       2.0000            5
        7455      11.3431      28.6316      25.6656       2.0000            5
        7477      59.2060      21.2753      24.4151       2.0000            5
        7478      53.6349      38.5948      33.7940       2.0000            5
        7484      51.2790      23.7534      26.9178       2.0000            5
        7498      28.8883      50.4950      50.2223       2.0000            5
        7502      58.8656      45.6039      25.9171       2.0000            5
        7512      26.2248      16.1732      44.3823       2.0000            5
        7538      45.3588      34.9729      39.2961       2.0000            5
        7578      32.1171      35.0539      11.7644       2.0000            5
        7580      20.3856      17.9673      37.8956       2.0000            5
        7590      29.5428      33.7356      40.0922       2.0000            5
        7594      56.1282      32.6570      31.8830       2.0000            5
        7606      14.4803      29.6113      23.2120       2.0000            5
        7622      25.0744      19.2169      37.6831       2.0000            5
        7626      25.8611      53.4966      52.3178       2.0000            5
        7666      29.7477      21.2213      37.5123       2.0000            5
        7682      18.6403      24.5142      27.8765       2.0000            5
        7683      34.5387      41.5126      22.1490       2.0000            5
        7701      23.6203      43.3570      41.8058       2.0000            5
        7714      28.2623      22.3750      35.7400       2.0000            5
        7748      27.8036      28.3735      37.5886       2.0000            5
        7758      38.5781      20.2875      13.2058       2.0000            5
        7771       8.5500      38.9479      14.2762       2.0000            5
        7777      50.6281      42.7166      50.7410       2.0000            5
        7791      44.8998      23.7748      31.3553       2.0000            5
        7823      38.3630      50.4014      15.2901       2.0000            5
        7835      13.1508      29.3246      28.3486       2.0000            5
        7855      44.2593      49.2803      11.2062       2.0000            5
        7859      35.0403      50.5904      53.2961       2.0000            5
        7917      28.4296      29.9904      39.0281       2.0000            5
        7925      26.9648      44.3166      48.1417       2.0000            5
        7932      50.2389      58.4494      41.7837       2.0000            5
        7940      24.1258      41.3373      34.4335       2.0000            5
        7955      29.5386      38.2017       9.4030       2.0000            5
        7969      21.2150      10.7221      44.5531       2.0000            5
        7974      30.4016      48.7963      20.9940       2.0000            5
        7975      28.5811      15.0685      44.9745       2.0000            5
        7976      25.2900      46.0365      49.0104       2.0000            5
        7978      43.7545      32.9634      49.2020       2.0000            5
        8004      25.7479      56.2514      46.5765       2.0000            5
        8007      16.8148      26.0942      28.5609       2.0000            5
        8015      21.1930      30.0002      30.7206       2.0000            5
        8017      20.2703      48.0428      37.5613       2.0000            5
        8018      37.6817      19.4996      34.6371       2.0000            5
        8040      18.4262      28.7455      36.3848       2.0000            5
        8065      15.1716      24.3440      34.9884       2.0000            5
        8084      46.3443      36.7431      24.6507       2.0000            5
        8091      24.6622      10.9002      40.7831       2.0000            5
        8095      50.3394      26.9573      44.0859       2.0000            5
        8108      50.5990      46.7598      56.2721       2.0000            5
        8121      49.2012      27.4081      54.3871       2.0000            5
        8127      23.6295      13.2863      48.9407       2.0000            5
        8140      47.5240      30.8266      17.1073       2.0000            5
        8146      10.2123      32.5895      27.5594       2.0000            5
        8165      19.6511      30.6727      54.5444       2.0000            5
        8198      50.9195      37.0317      48.6119       2.0000            5
        8218      49.2734      46.3079      54.5286       2.0000            5
        8233      51.3703      11.8662      29.8372       2.0000            5
        8246      25.9474      42.4274      35.8306       2.0000            5
        8276      58.5950      22.2640      20.6526       2.0000            5
        8326      39.2295      32.9007      36.1013       2.0000            5
        8342      47.9816      26.3502      50.2306       2.0000            5
        8345      49.8659      11.9118      41.6152       2.0000            5
        8347      49.9034      40.6435      49.7514       2.0000            5
        8367      39.1929      48.2376      16.5975       2.0000            5
        8386      51.9351      33.0276      46.0860       2.0000            5
        8390      22.1293      10.5983      42.4029       2.0000            5
        8413      18.7793      17.4140      36.6510       2.0000            5
        8442      11.9904      56.6548      56.4984       2.0000            5
        8452      15.3209      24.3944      29.9790       2.0000            5
        8557      37.2927      44.5745      22.4169       2.0000            5
        8574      49.2240      13.4108      49.2955       2.0000            5
        8576      24.2729      31.1891      39.6417       2.0000            5
        8588      41.2807      37.1719      19.2053       2.0000            5
        8610      22.6697      42.3088      38.1825       2.0000            5
        8612      26.0330      21.3949      36.4588       2.0000            5
        8615      56.6281      32.6292      28.9626       2.0000            5
        8620      51.6347      31.6060      49.0311       2.0000            5
        8621      38.3572      37.8684      15.0411       2.0000            5
        8632      48.2072      57.3291      42.8425       2.0000            5
        8635      55.8851      17.5631      42.1697       2.0000            5
        8636      25.6010      18.7926      44.5130       2.0000            5
        8642      23.5246      39.2993      32.9989       2.0000            5
        8648      35.6865      10.2996      21.2442       2.0000            5
        8656      44.7767      50.4239      55.0171       2.0000            5
        8657      17.2579      43.6410      42.8529       2.0000            5
        8663      48.5111      31.5140      48.0085       2.0000            5
        8677      25.7512      23.6439      43.3465       2.0000            5
        8692      54.3715      18.9343      14.0791       2.0000            5
        8695      31.9387      35.0103      14.4712       2.0000            5
        8721      27.5000      19.9363      38.6600       2.0000            5
        8722      20.8559       8.2675      44.2913       2.0000            5
        8726      29.2175      21.2553      42.3988       2.0000            5
        8754      23.2051      38.9859      37.7375       2.0000            5
        8756      26.3848      44.7490      44.7351       2.0000            5
        8759      16.2264      24.8054      14.2093       2.0000            5
        8770      49.8696      27.7481      46.5172       2.0000            5
        8774      49.0060       7.6347      37.7908       2.0000            5
        8777      45.7276      27.3950      10.2057       2.0000            5
        8778      58.0062      41.3565       9.5266       2.0000            5
        8780      48.3289      28.9199      34.8109       2.0000            5
        8798      52.0024      23.7217      13.8447       2.0000            5
        8808      24.2277      43.5015      36.8219       2.0000            5
        8822      51.6189      24.5314      16.5572       2.0000            5
        8844      54.2109      32.7054      16.4092       2.0000            5
        8860       9.0680      30.0440      29.1833       2.0000            5
        8871      28.4687      36.8571      36.2803       2.0000            5
        8893      39.8231      38.1295      17.3340       2.0000            5
        8899      32.1462      51.2020       8.5428       2.0000            5
        8936      48.5301      42.3063       7.4159       2.0000            5
        8948      59.1558      31.1263      21.1188       2.0000            5
        8978      58.3968      30.8457      28.1651       2.0000            5
        8992      20.5975      34.1892      43.4899       2.0000            5
        9001      50.0223      47.2057      11.3319       2.0000            5
        9006      18.8574      19.7210      38.7104       2.0000            5
        9008      28.1971      49.0481      52.0848       2.0000            5
        9013      29.0847      52.7447      22.1451       2.0000            5
        9030      53.2175      38.3405      50.4526       2.0000            5
        9036      55.0524      22.2233      31.0753       2.0000            5
        9045      23.2119      15.1531      41.2550       2.0000            5
        9066      30.3490      36.2356      13.1234       2.0000            5
        9067      16.2703      58.4834      31.0013       2.0000            5
        9068      29.2128      33.9012      42.4706       2.0000            5
        9070      55.9393      31.6213      47.5832       2.0000            5
        9078      18.7344      24.6216      25.3666       2.0000            5
        9085      27.2133      25.9498      37.3858       2.0000            5
        9095      55.4691      31.5124      49.8780       2.0000            5
        9096      42.4861      34.2880      47.6479       2.0000            5
        9105       7.4487      32.0240      32.6176       2.0000            5
        9127      15.3105      24.3371      32.3709       2.0000            5
        9130      24.9761      46.2792      54.0573       2.0000            5
        9164      57.2477      50.4332      48.6351       2.0000            5
        9165      55.1132      21.2405      14.3723       2.0000            5
        9208      47.4667      10.9736      45.0335       2.0000            5
        9213      52.1433      12.3754      46.3661       2.0000            5
        9219      56.2943      30.9155      26.3940       2.0000            5
        9221      46.7272      22.3114      32.7902       2.0000            5
        9225      55.3581      23.9318      44.2880       2.0000            5
        9241      39.2267      44.7280      19.8003       2.0000            5
        9247      30.4897      22.9093      36.1861       2.0000            5
        9249       7.3843      40.5236      10.4849       2.0000            5
        9251      42.0394      31.7085      49.7063       2.0000            5
        9271      59.1726      40.7406      15.3672       2.0000            5
        9273      18.9795      43.9100      31.1714       2.0000            5
        9274      56.4033      20.8281      29.9725       2.0000            5
        9302      54.0751      44.1220      29.1270       2.0000            5
        9317      53.2190      10.3924      28.8932       2.0000            5
        9320      26.1254      13.5897      49.3827       2.0000            5
        9328      23.1349       8.8458      44.0096       2.0000            5
        9352      36.3634      21.9301      14.0024       2.0000            5
        9391      52.3663      31.4481      27.7153       2.0000            5
        9392      56.5009      44.8357      26.6489       2.0000            5
        9393      30.2991      38.7056      39.7577       2.0000            5
        9403      48.1687      28.5702      47.6630       2.0000            5
        9405      47.1644      35.7161      46.8753       2.0000            5
        9419       8.3185      34.2386      30.8738       2.0000            5
        9423      11.3019      35.1245      27.8376       2.0000            5
        9427      40.0945      40.9766      20.7315       2.0000            5
        9435      48.8540      36.4921      45.9512       2.0000            5
        9436      38.9101      43.8728      52.1452       2.0000            5
        9445      54.8123      36.6325      32.7475       2.0000            5
        9446      32.4077      25.2471      26.3292       2.0000            5
        9448       9.1418      54.5410      28.4569       2.0000            5
        9504      15.2631      28.9645      18.7066       2.0000            5
        9515      51.7203      28.2050      52.2846       2.0000            5
        9518      46.5437      43.0951      54.0317       2.0000            5
        9529      55.7355      38.6882      31.0741       2.0000            5
        9566      24.5000      17.1256      40.5416       2.0000            5
        9567      42.8927      44.7295      53.2014       2.0000            5
        9598      47.0968      41.8479      57.8610       2.0000            5
        9609      56.4432      45.2425      31.4951       2.0000            5
        9611      12.5587      59.0182      27.6891       2.0000            5
        9652      39.9963      47.6389      22.5037       2.0000            5
        9674      13.3713      30.8079      19.5689       2.0000            5
        9693      18.4293      49.4337      38.4249       2.0000            5
        9706      10.6861       9.6868      20.3245       2.0000            5
        9708      46.7309      37.1659      26.7053       2.0000            5
        9713      50.6570      59.2940      25.8505       2.0000            5
        9720      11.4014      54.6343      28.8608       2.0000            5
        9722      34.1870      41.0930      19.7588       2.0000            5
        9732      18.3635      33.6149      44.4849       2.0000            5
        9748      44.9529      47.2813       8.1298       2.0000            5
        9766      18.1341      11.0566      26.9759       2.0000            5
        9804      22.3518      35.9659      22.7762       2.0000            5
        9812       8.2745      29.2911      22.3897       2.0000            5
        9815      18.7378      32.4452      53.1362       2.0000            5
        9839      29.8552      27.3468      36.9753       2.0000            5
        9840      54.0676      20.9595      16.7428       2.0000            5
        9853      30.8420      47.9570      18.7632       2.0000            5
        9856       9.1123      16.7446      18.1454       2.0000            5
        9872      51.9038      50.9277      40.7111       2.0000            5
        9875      36.2715      41.2237      51.6985       2.0000            5
        9876      47.8660      11.3598      40.2967       2.0000            5
        9884      45.3147       8.8899      50.5881       2.0000            5
        9913      28.6444      51.2417      53.0577       2.0000            5
        9915      35.5446      49.8085      38.1160       2.0000            5
        9939      17.8013      55.7254      40.9499       2.0000            5
        9941       8.7656      34.6260      28.0181       2.0000            5
        9949      59.4742       9.1866      57.0365       2.0000            5
        9968      57.2161      42.3862      57.7671       2.0000            5
        9970      58.2275      40.9338      20.1099       2.0000            5
        9978      29.7125      44.4413      45.2367       2.0000            5
        9979      57.1793      21.1120      22.3443       2.0000            5
        9987      42.0391      20.3524      49.7681       2.0000            5
        9996      26.0680      11.8188      45.0769       2.0000            5
       10016      26.0974      53.4336      46.8997       2.0000            5
       10031      46.5713      15.0535       8.5667       2.0000            5
       10043      41.9782      41.5554      22.7798       2.0000            5
       10045      58.2385      28.6158      23.0374       2.0000            5
       10047      43.0698      49.0418       9.2154       2.0000            5
       10074      21.6887      51.2839      20.1754       2.0000            5
       10080      48.4973      51.3558      40.2330       2.0000            5
       10110      14.3922      27.9720      32.1720       2.0000            5
       10118      30.1856      25.2440      18.3315       2.0000            5
       10131      20.7175      25.7397      26.7574       2.0000            5
       10140      34.5308      42.0173      50.6299       2.0000            5
       10174       9.7664      56.2483      27.2773       2.0000            5
       10177      55.5577      25.7721      47.7821       2.0000            5
       10202      14.8683      31.4746      21.0226       2.0000            5
       10223      25.9417      55.9275      44.2154       2.0000            5
       10257      51.5960      39.2276      48.7546       2.0000            5
       10263      21.9132      24.1961      28.4138       2.0000            5
       10274      13.0978      11.3842      57.7396       2.0000            5
       10314      46.5616      44.7729      35.2788       2.0000            5
       10315      44.1584      51.0326      56.9348       2.0000            5
       10321      46.5809      52.9265      41.4883       2.0000            5
       10354      54.0659      23.5236      21.8261       2.0000            5
       10386      45.9086      34.0461      45.0975       2.0000            5
       10391      53.9896      33.1699      48.6814       2.0000            5
       10403      54.2859      44.1809      26.9583       2.0000            5
       10425      30.8048      55.8062      30.0587       2.0000            5
       10430      51.3797      28.0432      54.4275       2.0000            5
       10431      50.1841      34.7961      47.1864       2.0000            5
       10435      41.3667      30.1940      38.1296       2.0000            5
       10445      49.5138      12.2145      43.9908       2.0000            5
       10456      10.5064      26.4281      28.2097       2.0000            5
       10486      51.2124      10.0319      42.8562       2.0000            5
       10491      50.7065      56.9520      23.4332       2.0000            5
       10498      29.2752      24.2543      34.5618       2.0000            5
       10512      28.5616      52.8691      24.6344       2.0000            5
       10536      55.2958      34.7104      27.5318       2.0000            5
       10546      35.7746      39.5204      21.3173       2.0000            5
       10548      11.7026       8.4525      23.9189       2.0000            5
       10553      26.5984      44.3168      42.2794       2.0000            5
       10579       9.5053      37.1719      15.9976       2.0000            5
       10598      45.3309      46.6216      33.6124       2.0000            5
       10601      50.9861      29.1521      44.6991       2.0000            5
       10609      11.4869      38.2876      44.6683       2.0000            5
       10610       9.2242      43.2909      47.7413       2.0000            5
       10626       7.5665      39.8154       8.4157       2.0000            5
       10650      21.4710      40.5223      36.4005       2.0000            5
       10661      17.4653      30.5590      54.3909       2.0000            5
       10665      58.3705      17.9926      42.4698       2.0000            5
       10666      42.0441      39.2125      19.1907       2.0000            5
       10675      43.5192      30.5653      50.8736       2.0000            5
       10679       9.9387      19.3163      16.2967       2.0000            5
       10681      51.7843      11.4584      27.4361       2.0000            5
       10691      54.6403      46.2367      29.8371       2.0000            5
       10695       7.5897      38.6359      16.7463       2.0000            5
       10698      42.6720      41.6400      20.2053       2.0000            5
       10716      29.3006      52.1075      19.7873       2.0000            5
       10720      31.1325      22.8488      33.6248       2.0000            5
       10729      15.8457      24.1302      27.6655       2.0000            5
       10732       9.3995      19.3103      18.4768       2.0000            5
       10756      40.5790      31.4831      29.0240       2.0000            5
       10760      23.5215      40.7741      41.6709       2.0000            5
       10782      55.8885      47.4350      34.0592       2.0000            5
       10845      15.2525      26.6658      12.8678       2.0000            5
       10848      14.2017      57.5433      26.6262       2.0000            5
       10849      46.4326      41.7736      51.3806       2.0000            5
       10860      39.7655      27.4967       9.3160       2.0000            5
       10864      53.2445      16.4559      15.0856       2.0000            5
       10894      58.7583      43.1068      21.0565       2.0000            5
       10898      51.8727      10.6141      40.5694       2.0000            5
       10910      44.0550      56.6951      49.0487       2.0000            5
       10920      43.5262      31.0917      31.9092       2.0000            5
       10923      20.9860      13.9359      43.8611       2.0000            5
       10971      11.3900      58.4447      50.4044       2.0000            5
       10974      54.0012      12.1298      27.6272       2.0000            5
       10995      39.8912      31.3187      39.6851       2.0000            5
       11005      25.8770      42.5048      38.3849       2.0000            5
       11012      26.3917      30.3474      52.7301       2.0000            5
       11033      26.1749      53.5644      50.1063       2.0000            5
       11051      27.2223      18.1979      36.9385       2.0000            5
       11053      36.7645      42.0643      21.8471       2.0000            5
       11063      15.9880      58.3485      33.1134       2.0000            5
       11075      28.4175      36.9644      38.6029       2.0000            5
       11084      43.8211      36.4282      37.6751       2.0000            5
       11112      44.3557      48.5376      54.1913       2.0000            5
       11151      52.5780      25.2453      49.5577       2.0000            5
       11188      58.0970      22.9918      23.2255       2.0000            5
       11199      10.7957      26.6035      25.5986       2.0000            5
       11201      24.1799      44.0426      56.2520       2.0000            5
       11222      10.1799      39.7119      16.2592       2.0000            5
       11226      39.9695      37.4187      39.7228       2.0000            5
       11234      33.9974      37.6261      46.9941       2.0000            5
       11252      55.9696      22.7241      23.4761       2.0000            5
       11255      24.7570      46.3162      56.4297       2.0000            5
       11279      35.2473      47.6974      40.4827       2.0000            5
       11280      11.0162      58.0503      52.4731       2.0000            5
       11292      27.7155      54.7237      51.4140       2.0000            5
       11306      34.7654      36.3819      50.2762       2.0000            5
       11315      47.6539      33.1617      17.8643       2.0000            5
       11321      35.0641      22.2066      26.6406       2.0000            5
       11331      52.0188      48.1907      10.8589       2.0000            5
       11344      22.0268      45.6331      59.5442       2.0000            5
       11357      14.1122      45.9242      33.8318       2.0000            5
       11362      40.1368      43.1713      55.9126       2.0000            5
       11368      48.3702      15.1192      47.8647       2.0000            5
       11396      55.0801      14.8823      14.3745       2.0000            5
       11398      45.0491      46.5396      36.2360       2.0000            5
       11407      33.1331      39.4107      10.7746       2.0000            5
       11427      41.9348      42.6933      52.5900       2.0000            5
       11450      31.4375      48.6701       7.8417       2.0000            5
       11471      41.9910      35.8780      38.6220       2.0000            5
       11499      39.5056      47.4846      24.7298       2.0000            5
       11509      44.1517      42.6146      24.4222       2.0000            5
       11514      53.0972      31.3767      47.5861       2.0000            5
       11555      53.3469      34.5895      15.0609       2.0000            5
       11557      50.1669      56.3723      39.2247       2.0000            5
       11562      27.0804      38.5434      37.1355       2.0000            5
       11564      48.9176      11.8059      48.2989       2.0000            5
       11567      45.4628      51.2134      42.5935       2.0000            5
       11570      40.7493      32.8813      48.5014       2.0000            5
       11575      46.8915      59.0103      43.3867       2.0000            5
       11579      51.4687      59.5036      23.8241       2.0000            5
       11588      45.1944      45.6817      52.5089       2.0000            5
       11589      27.0988      36.1121      28.2475       2.0000            5
       11590      36.7186      14.3314      44.5104       2.0000            5
       11593      58.7648      44.7996      56.6331       2.0000            5
       11598      40.9001      16.5405      27.2661       2.0000            5
       11624       8.3131      57.6848      52.4683       2.0000            5
       11664      43.2125      31.6064      34.1734       2.0000            5
       11674      48.2964      26.0915      47.7823       2.0000            5
       11676       9.2984      54.2470      26.2083       2.0000            5
       11699      31.2405      32.0366      39.2534       2.0000            5
       11701      40.8139      56.2375      48.5691       2.0000            5
       11707      14.2835      45.7884      31.7152       2.0000            5
       11720      49.7345       9.6958      39.3505       2.0000            5
       11757      45.1408      35.3372      41.4742       2.0000            5
       11764      52.1609      45.4792      57.5134       2.0000            5
       11768      44.3020      33.2202      43.6837       2.0000            5
       11779       9.8986      16.9682      15.9660       2.0000            5
       11784      57.6906      40.5498      22.4124       2.0000            5
       11792      47.1727      49.8810      41.3159       2.0000            5
       11801      38.5455      44.1192      54.3555       2.0000            5
       11804      36.6574      52.1425      54.6135       2.0000            5
       11812      13.2467      55.2711      58.0992       2.0000            5
       11834      16.0221      22.6290      36.4749       2.0000            5
       11855      13.7837      55.7108      28.0021       2.0000            5
       11857      57.5263      40.6309      54.8677       2.0000            5
       11888      41.0241      18.8106      50.9730       2.0000            5
       11906      20.3672      29.8867      35.2603       2.0000            5
       11914      14.5642      24.4308      37.2563       2.0000            5
       11945      45.8744      32.3832      15.9403       2.0000            5
       11973      12.1131      56.8971      28.9883       2.0000            5
       11974      42.9648      31.2842      39.7983       2.0000            5
       11994      25.3032      27.2428      38.6132       2.0000            5
       12042      41.3909      33.4245      35.0967       2.0000            5
       12050      38.4879      35.6370      45.8510       2.0000            5
       12068      45.3392      44.1623      33.7210       2.0000            5
       12073      31.4929      52.8745      22.3631       2.0000            5
       12077      39.7254      18.0805      28.6290       2.0000            5
       12100      33.2595      27.0941      27.7615       2.0000            5
       12107      27.5754      33.6743      39.8515       2.0000            5
       12132      56.0364      19.6462      45.1987       2.0000            5
       12133      20.6244      47.2527       8.2119       2.0000            5
       12136      57.9411      42.6858      53.0626       2.0000            5
       12138      58.8075      20.4366      42.2320       2.0000            5
       12164      20.5990      27.7651      30.4766       2.0000            5
       12185      23.9593      40.7739      36.8488       2.0000            5
       12212      27.5008       7.7598      43.7189       2.0000            5
       12217      25.1658      28.7783      53.9802       2.0000            5
       12226      40.6990      33.9747      37.2934       2.0000            5
       12231      44.0439      36.8904      40.0473       2.0000            5
       12238      58.1636      29.2660      25.2012       2.0000            5
       12256      54.5097      19.8987      43.3256       2.0000            5
       12261      38.8670      35.9714      16.4005       2.0000            5
       12267      42.8641      28.5199      32.0177       2.0000            5
       12289      48.2678      51.6469      42.8795       2.0000            5
       12299      32.2215      54.3458      30.7665       2.0000            5
       12304      20.0098      25.7057      29.1082       2.0000            5
       12338       9.0332      57.8312      50.2124       2.0000            5
       12370      53.2842      10.7825      47.5321       2.0000            5
       12373      47.6323      31.0763      14.6820       2.0000            5
       12398      54.4886      32.5718      29.3757       2.0000            5
       12403      22.2725      46.2800       9.5160       2.0000            5
       12409      38.2597      29.1917      10.1757       2.0000            5
       12448      56.9129      50.5193      51.0986       2.0000            5
       12458      36.1137      52.2537      51.9202       2.0000            5
       12487      42.6475      31.8372      47.2244       2.0000            5
       12498      45.7401      29.6780      12.4215       2.0000            5
       12510      18.3423      58.6939      33.2689       2.0000            5
       12511      40.4508      40.4618      17.9891       2.0000            5
       12514      45.0956      12.1334      33.7540       2.0000            5
       12536      26.8862      33.6409      42.1448       2.0000            5
       12546      56.8828      35.0352      29.1608       2.0000            5
       12560      24.1408      10.6425      46.4220       2.0000            5
       12599      30.3630      25.4186      15.8623       2.0000            5
       12600      26.2461      33.7933      33.7448       2.0000            5
       12626      28.4468      38.0887      41.1613       2.0000            5
       12653      50.1871      25.4338      14.6584       2.0000            5
       12654      39.6251      44.6706      21.8699       2.0000            5
       12712      17.8645      30.5796      52.0433       2.0000            5
       12713      34.9927      44.4051      50.8665       2.0000            5
       12761      45.4215      27.5640      12.3389       2.0000            5
       12772      14.4398      48.0996      31.9271       2.0000            5
       12815      53.5074      49.1675      39.5222       2.0000            5
       12822      28.1141      42.1953      13.4000       2.0000            5
       12842      33.2784      49.4989      53.9806       2.0000            5
       12854      43.7441      30.8371      37.4325       2.0000            5
       12867      28.4668      31.8257      41.2298       2.0000            5
       12877      27.7932      20.0641      35.9942       2.0000            5
       12914      17.1765      45.4606      36.8799       2.0000            5
       12921      19.4828      29.5669      28.9734       2.0000            5
       12978      32.0267      22.6781      26.4538       2.0000            5
       12987      28.2020      49.1931      54.2379       2.0000            5
       13001       9.3843       7.8185      23.4014       2.0000            5
       13003      52.1133      31.5945      30.0263       2.0000            5
       13015      43.4936      31.1698      29.4512       2.0000            5
       13025      33.8559      39.8118       8.3199       2.0000            5
       13032      25.7433      29.5695      38.7525       2.0000            5
       13034      53.0516      46.3394      12.1785       2.0000            5
       13067      24.1864      41.3223      39.4820       2.0000            5
       13114      36.2044      34.8531      49.2946       2.0000            5
       13119      36.6139      41.4651      19.4102       2.0000            5
       13149      42.4999       8.9561      50.0061       2.0000            5
       13152      25.8284      23.4843      40.9560       2.0000            5
       13164      19.7501      22.9917      27.3301       2.0000            5
       13166      29.6491      34.6214      11.9301       2.0000            5
       13173      25.6707      11.7247      47.9880       2.0000            5
       13174      52.1482      50.5984      38.3281       2.0000            5
       13179      21.6136      29.9892      28.1036       2.0000            5
       13182      22.5771      14.3387      45.8187       2.0000            5
       13210      46.8646      44.0332       8.7034       2.0000            5
       13221      39.4261      19.8505      36.9755       2.0000            5
       13222      13.5293      25.7079      33.2226       2.0000            5
       13226      37.5905      45.7438      53.4904       2.0000            5
       13237      53.6755      32.1527      31.7284       2.0000            5
       13268      47.1789      13.2870      49.0157       2.0000            5
       13273      41.0761      51.5983      53.3485       2.0000            5
       13280      44.2423      35.0665      49.7996       2.0000            5
       13285      41.0396      18.6129      48.5163       2.0000            5
       13321      28.0020      34.6554      35.1207       2.0000            5
       13324      15.7747      46.4755      35.5371       2.0000            5
       13334      45.2736      34.0767      53.7276       2.0000            5
       13350      42.4409      31.9994      36.5848       2.0000            5
       13353      37.1483      37.2201      49.8127       2.0000            5
       13367      19.6638      11.1015      29.7736       2.0000            5
       13388      38.4030      29.7563      40.5988       2.0000            5
       13394       9.5435      38.0389      18.2768       2.0000            5
       13397      59.1801      12.1968       9.7526       2.0000            5
       13407      46.7244      51.7868      56.9388       2.0000            5
       13412      53.6158      13.5708      48.0824       2.0000            5
       13418      48.3755       7.8710      42.5546       2.0000            5
       13423      37.8165      36.3867      47.6835       2.0000            5
       13436      42.2183      43.9861      55.2057       2.0000            5
       13443      42.7267      34.1793      42.4216       2.0000            5
       13455      28.1001      42.8235      40.9645       2.0000            5
       13465      43.2970      45.6260      34.8033       2.0000            5
       13475      11.7816      38.5660      18.1085       2.0000            5
       13478      56.7966      24.1325      21.4509       2.0000            5
       13483      25.9968      45.6347      46.7654       2.0000            5
       13491      22.5682      35.5763      20.5626       2.0000            5
       13510      38.1390      38.5150      46.0250       2.0000            5
       13520      55.6298      49.4493      42.0197       2.0000            5
       13548      50.0595      46.6759      51.5297       2.0000            5
       13569      25.7739      33.4840      38.5479       2.0000            5
       13583      54.9099      34.2383      30.4819       2.0000            5
       13593       7.8251      31.9321      30.2020       2.0000            5
       13618      19.5335      43.9694      28.6906       2.0000            5
       13634      17.0164      56.6436      34.5784       2.0000            5
       13640      27.9042      22.5497      38.0127       2.0000            5
       13649      44.5076      21.3796      31.1566       2.0000            5
       13668      52.7621      33.5076      28.0040       2.0000            5
       13680      12.1540      13.1639      56.5390       2.0000            5
       13685      15.3976      55.8414      57.3458       2.0000            5
       13698      42.5384      43.9124      22.7571       2.0000            5
       13716      16.2056      28.9099      36.0045       2.0000            5
       13721      24.4954      12.7838      46.6343       2.0000            5
       13746      21.4056      53.9664      22.5480       2.0000            5
       13756      58.5909      30.7138      23.3863       2.0000            5
       13781      40.0299      37.2641      44.8641       2.0000            5
       13786      21.1990      51.7612      22.3767       2.0000            5
       13805      29.0655      26.0508      38.7675       2.0000            5
       13813      12.1798      28.9923      23.4380       2.0000            5
       13829      30.7518      50.7818      21.3152       2.0000            5
       13847      42.9744       8.9748      47.3320       2.0000            5
       13866      38.8594      27.3594      40.7296       2.0000            5
       13894      15.8937      30.3651      27.0831       2.0000            5
       13913      48.4925      38.5614      25.8174       2.0000            5
       13923      10.4289      34.9351      29.8840       2.0000            5
       13926      14.0294      31.6544      25.9415       2.0000            5
       13928      49.3333      23.1611      14.4824       2.0000            5
       13969      52.7275      49.5666       9.3986       2.0000            5
       13987      30.8745      25.4105      36.3164       2.0000            5
       13994      50.5585      44.5756      53.1357       2.0000            5
       14023      19.6609      52.8514      20.9179       2.0000            5
       14026      24.7553      55.3661      50.8601       2.0000            5
       14042      46.0755      58.6326      48.4728       2.0000            5
       14052      50.0186      49.9428      39.2388       2.0000            5
       14075      11.3909      12.7622      58.9487       2.0000            5
       14078      55.3866      21.5195      41.7353       2.0000            5
       14097      52.9754      47.7670      58.2457       2.0000            5
       14113      27.3910      47.2774      54.2364       2.0000            5
       14123      27.1155      36.3583      30.9358       2.0000            5
       14125      29.5005      27.8380      42.2881       2.0000            5
       14137      18.9499      35.8913      44.1978       2.0000            5
       14153      51.2499      23.4774      24.3940       2.0000            5
       14161      29.5769      36.5320      28.9660       2.0000            5
       14163      42.0935      57.7556      47.4406       2.0000            5
       14165      34.0496      23.6233      25.2608       2.0000            5
       14168      41.2861      36.8276      16.5742       2.0000            5
       14177      10.2812      32.6637      30.2483       2.0000            5
       14178      56.4432      48.2779      50.8336       2.0000            5
       14198      28.0083      47.9637      21.1118       2.0000            5
       14214      37.0337      27.6310      11.2692       2.0000            5
       14228      25.3671      19.2696      35.3051       2.0000            5
       14230      55.0443      11.6872      47.1682       2.0000            5
       14255      53.8447      16.7514      40.8118       2.0000            5
       14261      27.1478      31.9640      37.3122       2.0000            5
       14265      56.0434      24.1760      42.0222       2.0000            5
       14274      58.7350      31.3469      25.8543       2.0000            5
       14291      13.9816      29.4596      25.8384       2.0000            5
       14301      10.9656      41.5151      44.4894       2.0000            5
       14306      28.2626      39.1152       7.7791       2.0000            5
       14309      57.1682      47.8412      43.9720       2.0000            5
       14310       8.2230      32.2135      27.9912       2.0000            5
       14338      57.8627      43.2846      27.8684       2.0000            5
       14346      17.5826      24.8399      30.2205       2.0000            5
       14355      37.9326      11.9176      43.3194       2.0000            5
       14356      55.4490      30.8906      30.6233       2.0000            5
       14376      30.6572      22.3261      41.1544       2.0000            5
       14389      52.2418      29.4849      22.1650       2.0000            5
       14420       7.6193      41.2221      22.0990       2.0000            5
       14442      43.4089      44.6548      51.1728       2.0000            5
       14443      27.9539      46.5441      51.3235       2.0000            5
       14474      17.1509      18.7830      37.6181       2.0000            5
       14480      25.7510      21.4447      39.1010       2.0000            5
       14484      30.4017      38.4690      43.0192       2.0000            5
       14538      50.5617      49.8157      12.1556       2.0000            5
       14548      52.9504      46.0732      27.6821       2.0000            5
       14549      15.6918      31.2573      18.9482       2.0000            5
       14561      27.9807      38.2774      29.8555       2.0000            5
       14573      49.3208       9.8169      41.6362       2.0000            5
       14606      27.7757      52.3254      51.4085       2.0000            5
       14609      24.6223      34.9333      34.5716       2.0000            5
       14611      25.4667      43.1292      46.7783       2.0000            5
       14626      24.9070      36.0237      20.8930       2.0000            5
       14635      17.8198      22.4247      24.4465       2.0000            5
       14645      36.4054      10.4382      19.1244       2.0000            5
       14660      51.5512      45.3909      10.3270       2.0000            5
       14705      41.6469      39.4911      21.6308       2.0000            5
       14710      40.5951      39.4385      37.6638       2.0000            5
       14745      45.4023       8.4751      48.0692       2.0000            5
       14781      43.7689      33.4498      51.8031       2.0000            5
       14797      53.0053       8.8321      42.0838       2.0000            5
       14808      38.8623      38.6594      38.4799       2.0000            5
       14813      42.9829      52.5558      52.3315       2.0000            5
       14826      18.9546      31.8523      36.2313       2.0000            5
       14853      48.4015      34.2004      48.4836       2.0000            5
       14865      17.1218      24.6550      35.2215       2.0000            5
       14891      56.3772      44.1236      56.3167       2.0000            5
       14895      39.1910      33.0046      28.1956       2.0000            5
       14897      25.8940      39.5656      33.2236       2.0000            5
       14917      59.5977      13.7889      11.2724       2.0000            5
       14921      50.6446      35.4736      50.3363       2.0000            5
       14932      22.7960      44.9644      54.9727       2.0000            5
       14950      39.9011      42.0835      53.2560       2.0000            5
       14975      39.2147      21.6503      11.8148       2.0000            5
       14977      54.9614      25.4083      50.0542       2.0000            5
       14982      26.3248      35.8570      36.2518       2.0000            5
       14985      19.0022      31.8318      33.7505       2.0000            5
       14993      25.5681      51.9904      48.9325       2.0000            5
       15037      28.1969      47.5832      18.6764       2.0000            5
       15052      47.5730      26.5254      33.9550       2.0000            5
       15054      28.2353      29.5634      41.2874       2.0000            5
       15084      41.1983      38.1880      10.3057       2.0000            5
       15091      51.2890      48.5243      40.5423       2.0000            5
       15115      37.7982      46.6814      23.2139       2.0000            5
       15135      27.6031      22.2255      40.3853       2.0000            5
       15169      41.6339      41.2992      54.7070       2.0000            5
       15172      59.5004      35.6026      56.9794       2.0000            5
       15187      13.4951      54.7807      55.8798       2.0000            5
       15201      44.9998      14.3005      44.9327       2.0000            5
       15209      19.5796      12.1768      45.1097       2.0000            5
       15262      17.2816      10.3783      29.2298       2.0000            5
       15268      29.9805      50.5921       9.1164       2.0000            5
       15281      45.6627      16.8564      59.3233       2.0000            5
       15283      13.0516      29.2228      30.6788       2.0000            5
       15285      19.2998      36.0212      42.1135       2.0000            5
       15306      22.4841      18.2250      40.7899       2.0000            5
       15313      46.4830      29.6986      10.4216       2.0000            5
       15322      53.3033      23.5579      45.7911       2.0000            5
       15323      16.3027      48.4878      36.9885       2.0000            5
       15324      19.2844      19.9197      36.5004       2.0000            5
       15342      18.9321      55.5948      33.8201       2.0000            5
       15344      48.7393      16.3725       7.5089       2.0000            5
       15349      27.7413      28.3457      52.0725       2.0000            5
       15369      26.3637       9.8064      47.1117       2.0000            5
       15390      46.8394      33.0987      46.7163       2.0000            5
       15391      25.8941      58.3754      44.8720       2.0000            5
       15400      45.8609      33.5607      51.0182       2.0000            5
       15405      20.0316      12.3078      43.0214       2.0000            5
       15411      12.8916      27.3947      26.8521       2.0000            5
       15443      53.4653      23.6723      26.8758       2.0000            5
       15471      45.2502      47.1811      55.8204       2.0000            5
       15483      37.1894      27.1456       9.0266       2.0000            5
       15513      52.9429      18.7014      42.0939       2.0000            5
       15530      35.3778       8.2868      21.4573       2.0000            5
       15565       9.8068      12.1678      57.3074       2.0000            5
       15583      26.3402      31.4640      39.7715       2.0000            5
       15586      50.6201      29.6927      47.8555       2.0000            5
       15610      37.5196      23.5069      12.5730       2.0000            5
       15618      57.5508      45.4276      33.1341       2.0000            5
       15633      36.7805      28.5172      39.1514       2.0000            5
       15666      17.6583      56.6030      32.1512       2.0000            5
       15676      54.6431      30.1504      21.6282       2.0000            5
       15677      21.6053      12.3666      46.6497       2.0000            5
       15680      29.0563      24.4919      36.9901       2.0000            5
       15690      51.2535       7.9151      38.2695       2.0000            5
       15692      50.2403      12.1046      39.1748       2.0000            5
       15701      34.5525      38.1751       9.4791       2.0000            5
       15707      18.7582      49.2772      36.1529       2.0000            5
       15725      31.2952      43.1786      46.5274       2.0000            5
       15743      43.5268      46.6057      53.7416       2.0000            5
       15750      43.3311      50.4644      53.5338       2.0000            5
       15786       9.7102      39.6203      45.8999       2.0000            5
       15793      23.1876      12.6521      41.6076       2.0000            5
       15817      40.5232      43.2027      23.9193       2.0000            5
       15826      16.7661      53.1364      43.3315       2.0000            5
       15836      43.1244      46.0044      55.9173       2.0000            5
       15855      31.6501      52.4527      19.9683       2.0000            5
       15890      13.6491      25.9725      30.7086       2.0000            5
       15908      25.6496      39.7247      35.6186       2.0000            5
       15915      44.9679      23.6807      33.4887       2.0000            5
       15938      53.7814      23.1253      42.9789       2.0000            5
       15950      43.0078      38.4209      59.3487       2.0000            5
       15958      21.7136      44.0115      31.3462       2.0000            5
       15967      17.0945      55.4061      43.1209       2.0000            5
       16021      24.4405      28.8859      37.1348       2.0000            5
       16026      16.0798      46.5902      33.1279       2.0000            5
       16045      58.1340      38.8409      56.3812       2.0000            5
       16048      47.1073      13.3974      44.2816       2.0000            5
       16053      57.9703      42.9857      55.1375       2.0000            5
       16057      45.1698      13.8998      47.3907       2.0000            5
       16060      33.3843      52.5311      54.1215       2.0000            5
       16080      38.6806      42.4136      21.2436       2.0000            5
       16081      33.8742      48.8514      39.1920       2.0000            5
       16085      28.0659      26.1866      35.6754       2.0000            5
       16087      59.4328      43.0206      57.5235       2.0000            5
       16094      45.5014      12.0125      47.3588       2.0000            5
       16096      23.6765       9.0255      41.7936       2.0000            5
       16149      38.8313      25.9563      10.3677       2.0000            5
       16189      49.4615      30.4790      49.4884       2.0000            5
       16195      38.4125      29.7361      38.3859       2.0000            5
       16203      54.2595      13.4008      45.7739       2.0000            5
       16204      12.3401      28.4958      21.0632       2.0000            5
       16207      42.6634      55.9146      50.2445       2.0000            5
       16208      26.3406      17.9344      42.6272       2.0000            5
       16216      24.8068      51.8013      51.1720       2.0000            5
       16229      49.2411      44.5223      51.3489       2.0000            5
       16235      44.2537      29.7330      35.5356       2.0000            5
       16252      17.9263      47.4603      38.2573       2.0000            5
       16257      46.6435      36.4512      51.9897       2.0000            5
       16284      28.2943      17.1850      43.9444       2.0000            5
       16290      48.8312      58.5787      24.5711       2.0000            5
       16293      58.7122      20.6714      44.4723       2.0000            5
       16317      11.5877      54.5564      26.4250       2.0000            5
       16323      48.5140      42.5520      50.5436       2.0000            5
       16326      56.6387      24.7121      24.1763       2.0000            5
       16370      30.1774      27.5563      18.5165       2.0000            5
       16372      35.8211      38.5025      45.6508       2.0000            5
       16375      58.4919      45.8688      28.3592       2.0000            5
       16400      40.5150      39.9339      40.0297       2.0000            5
       16445      21.8792      10.0925      46.4912       2.0000            5
       16455      43.7499      46.9502      10.5762       2.0000            5
       16458      33.9148      37.5233      44.0564       2.0000            5
       16466      27.5855       8.2943      46.2903       2.0000            5
       16468      52.5692      12.1882      41.9945       2.0000            5
       16478      43.4091      28.8553      29.7651       2.0000            5
       16480      41.8931      39.7738       8.7072       2.0000            5
       16481      14.2670      48.2451      34.3115       2.0000            5
       16483      41.4911      30.1592      35.5681       2.0000            5
       16502      56.7092      47.7856      31.7133       2.0000            5
       16527      41.8931      18.0088      26.0403       2.0000            5
       16533      25.1859       7.7506      46.2262       2.0000            5
       16545      38.7909      44.7932      24.4863       2.0000            5
       16552      51.9224      39.9264      51.5214       2.0000            5
       16566      23.2981       8.3177      46.3433       2.0000            5
       16588      38.3019      51.5213      52.9055       2.0000            5
       16591      49.3757      27.8138      49.2368       2.0000            5
       16631      46.2810      28.4732      34.7285       2.0000            5
       16638      23.2752      39.0039      35.3580       2.0000            5
       16640      55.7750      22.0188      20.9785       2.0000            5
       16648      23.1625      12.1470      44.7291       2.0000            5
       16662      23.8602      34.0181      22.0838       2.0000            5
       16682      29.2098      18.7562      42.5670       2.0000            5
       16715      26.7110      36.2749      33.4429       2.0000            5
       16723       8.9827      36.6665      29.1520       2.0000            5
       16737      44.3108      35.4153      46.5969       2.0000            5
       16744      27.4456      13.7159      46.2670       2.0000            5
       16748      56.5255      42.5012      21.0930       2.0000            5
       16759      55.2722      25.8092      22.5798       2.0000            5
       16762      27.7744      39.5510      12.8385       2.0000            5
       16766      59.0452      19.0213      24.5116       2.0000            5
       16786      17.2552      22.8616      29.1407       2.0000            5
       16796      40.5887      44.1854      53.6255       2.0000            5
       16799      11.2058      11.7925      20.0183       2.0000            5
       16816      32.5083      37.4449       9.6723       2.0000            5
       16827      50.1135      41.4160      52.1898       2.0000            5
       16832      18.2755      58.5104      30.9704       2.0000            5
       16836      45.2984      58.8210      50.5742       2.0000            5
       16839      53.0294      14.0937      15.1917       2.0000            5
       16843      11.6181      10.7692      56.2998       2.0000            5
       16846      45.6103      43.2611      59.1114       2.0000            5
       16848      27.7070      17.8686      45.8756       2.0000            5
       16874      10.7106      28.9967      30.5992       2.0000            5
       16887       8.4712       7.5287      58.4787       2.0000            5
       16889      43.3777      36.7751      48.1099       2.0000            5
       16905      56.9409      19.6714      42.9824       2.0000            5
       16913      53.3767      27.6759      23.0940       2.0000            5
       16921      42.9913      50.4239      50.9678       2.0000            5
       16943      51.7557      56.6803      40.6684       2.0000            5
       16963      27.3837      55.1393      46.1017       2.0000            5
       17000      30.7769      52.7817      24.7926       2.0000            5
       17012      27.6266      39.9839      14.9563       2.0000            5
       17027      29.1622      23.8879      39.6725       2.0000            5
       17033       7.9432      18.5260      16.8027       2.0000            5
       17043      17.3148      53.0879      40.9185       2.0000            5
       17049       9.7356      36.3019      26.7615       2.0000            5
       17056      58.3513      33.2097      30.8545       2.0000            5
       17076      54.0877      20.5765      31.9486       2.0000            5
       17077      11.8644      10.5536      23.7429       2.0000            5
       17084      39.1082      13.8459      42.2605       2.0000            5
       17107      46.9122      44.2275      51.4684       2.0000            5
       17110      47.2879      15.2936      58.2316       2.0000            5
       17112      39.2866      14.0747      44.4768       2.0000            5
       17143      44.8725      43.0580      52.6407       2.0000            5
       17157       9.3998      10.2374      56.2233       2.0000            5
       17158      39.9168      19.9890      34.6526       2.0000            5
       17167      43.0709      37.1318       9.0229       2.0000            5
       17176      41.8878      32.6638      38.5340       2.0000            5
       17185      53.4997      10.6931      43.0059       2.0000            5
       17199      23.8122      28.6411      39.6232       2.0000            5
       17200      34.5104      25.7122      29.2874       2.0000            5
       17238      39.6062      29.7587      27.6306       2.0000            5
       17239      42.5321      17.0425      49.9975       2.0000            5
       17270      47.9259      45.9023      52.4584       2.0000            5
       17294      58.1910      43.0549      25.8592       2.0000            5
       17301      52.5977      13.8345      28.5181       2.0000            5
       17305      20.2073      45.7747      30.2063       2.0000            5
       17316      35.6030      36.0700      45.8202       2.0000            5
       17319      17.3323      54.5449      32.1256       2.0000            5
       17339      30.2007      29.8943      40.2540       2.0000            5
       17359      37.9172      48.0955      14.9620       2.0000            5
       17363      47.4091      13.2197      46.4545       2.0000            5
       17368      21.5839      40.6805      38.9293       2.0000            5
       17377      48.8840       7.7997      40.3724       2.0000            5
       17378      57.4042      39.0732       8.4697       2.0000            5
       17381       7.8793      21.3866      22.1768       2.0000            5
       17384       7.7188      18.6538      44.0284       2.0000            5
       17386      49.3364      30.3060      45.9267       2.0000            5
       17392      38.8482      27.6995      38.1470       2.0000            5
       17423      55.5656      42.1060      55.3413       2.0000            5
       17435      29.5039      20.7138      39.8701       2.0000            5
       17454      11.7313      31.1099      29.1937       2.0000            5
       17468      14.5509      24.0422      12.8671       2.0000            5
       17474      25.5590      28.1602      51.6986       2.0000            5
       17484      41.5321      30.3197      41.0719       2.0000            5
       17490      37.2666      44.0741      19.9194       2.0000            5
       17498      17.1810      22.6784      26.6627       2.0000            5
       17511      33.1363      56.0938      30.0454       2.0000            5
       17512      37.3985      48.6798      39.7019       2.0000            5
       17517      33.4261      35.8432      46.0204       2.0000            5
       17536      18.5022      12.6808      28.3694       2.0000            5
       17544      36.7805      47.4928      17.0620       2.0000            5
       17554      57.1830      13.5352      11.1855       2.0000            5
       17560      40.9996      37.4389       7.7349       2.0000            5
       17572      46.6966      35.5090      49.6281       2.0000            5
       17575      29.7664      47.3957      53.6123       2.0000            5
       17580      42.3831      57.9091      50.1782       2.0000            5
       17582      25.5494      21.2091      43.2435       2.0000            5
       17589      46.3025      28.3999      32.6533       2.0000            5
       17607      26.4119      47.5923      47.3652       2.0000            5
       17618      59.2060      19.2788      21.8740       2.0000            5
       17622      47.0341      39.4241      24.7774       2.0000            5
       17638      39.5567      46.1665      52.3200       2.0000            5
       17639      39.8210      31.3970      36.9977       2.0000            5
       17644      53.5776      38.3827      31.6167       2.0000            5
       17658      42.0532      18.4245      28.7369       2.0000            5
       17661      30.2773      29.4322      37.8998       2.0000            5
       17685      30.2487      27.5409      39.9597       2.0000            5
       17699      14.4805      26.6791      15.1161       2.0000            5
       17706      18.8580      54.0058      42.1686       2.0000            5
       17707      32.9650      49.1087       9.7327       2.0000            5
       17709      29.3344      39.9949      41.4490       2.0000            5
       17731      37.6060      30.9267      29.2137       2.0000            5
       17762      13.7416      27.1987      22.2770       2.0000            5
       17766      35.3095      50.0042      40.6431       2.0000            5
       17805      12.7593      10.5657      21.5298       2.0000            5
       17812      53.3848      14.0912      13.0193       2.0000            5
       17833      20.0054      45.7522       9.6413       2.0000            5
       17841      41.7069      32.5052      52.1721       2.0000            5
       17844      52.6472      21.7744      26.1206       2.0000            5
       17848      31.3612      37.5128      41.3849       2.0000            5
       17866      56.3901      46.2458      42.6765       2.0000            5
       17873      48.2690       7.7642      44.9409       2.0000            5
       17880      11.1894      44.0574      46.8344       2.0000            5
       17895      43.8040      42.2820      54.4562       2.0000            5
       17896      57.9798      34.2068      32.9312       2.0000            5
       17898      57.8665      36.7178      57.8368       2.0000            5
       17901      58.4592      48.5842      50.0035       2.0000            5
       17909      44.8536      31.8340      52.5994       2.0000            5
       17910      17.1491      30.8372      34.7260       2.0000            5
       17913      55.1514      17.7212      44.2388       2.0000            5
       17920      43.6659      59.5514      48.6315       2.0000            5
       17923      50.6902      47.3163      58.9180       2.0000            5
       17943      26.4830      56.1093      52.2330       2.0000            5
       17962      15.2420      43.1632      43.8292       2.0000            5
       17973      57.1995      28.7714      27.4602       2.0000            5
       17974      46.7020      51.3569      54.7427       2.0000            5
       17978      31.1250      19.8052      41.4798       2.0000            5
       17979      54.8678      35.0331      16.6365       2.0000            5
       17993      13.7996      31.6828      28.2249       2.0000            5
       17999      33.9183       9.5191      19.9334       2.0000            5
       18003      54.5686      27.7298      21.3066       2.0000            5
       18008      27.7939      28.9359      53.9914       2.0000            5
       18015      21.0765      13.8002      41.6208       2.0000            5
       18019      51.3794      23.3501      45.4092       2.0000            5
       18050      43.4503      18.6479      48.5441       2.0000            5
       18072      10.9990      12.2519      22.2952       2.0000            5
       18075      30.6843      27.5398      15.7547       2.0000            5
       18093      36.7333      49.9647      54.4948       2.0000            5
       18094      58.2934      15.0823       9.5254       2.0000            5
       18097      23.8408      22.7913      41.7259       2.0000            5
       18098      28.1090      43.5439      46.2539       2.0000            5
       18106      26.5769      50.4795      50.6389       2.0000            5
       18126       8.2395      34.1702      33.3140       2.0000            5
       18159      15.2352      47.1151      38.0113       2.0000            5
       18178      14.1990      57.3260      56.0497       2.0000            5
       18184      55.1066      46.6972      27.4778       2.0000            5
       18185      22.1445      42.5847      40.4629       2.0000            5
       18187      41.8903      12.8743      33.3557       2.0000            5
       18189      16.9502      41.3739      42.9948       2.0000            5
       18193      45.3463      29.9628      31.1248       2.0000            5
       18196      49.5382      27.7159      51.5771       2.0000            5
       18206      56.5427      33.5216      15.7040       2.0000            5
       18210      30.5911      49.6134      51.7818       2.0000            5
       18215      34.6566      42.8031      53.2934       2.0000            5
       18224      37.6221      49.9241      17.4777       2.0000            5
       18226      33.7644      23.9145      27.7705       2.0000            5
       18227      37.3012      19.6456      37.0598       2.0000            5
       18228      32.4944      23.9074      35.0745       2.0000            5
       18230      40.7381      50.5283      51.3136       2.0000            5
       18233      21.6461      16.4688      41.9583       2.0000            5
       18293      53.4381      25.3891      47.5605       2.0000            5
       18300      48.8001      29.0746      32.6600       2.0000            5
       18306      51.0330      22.2064      15.7554       2.0000            5
       18321      29.8872      41.3184      14.5391       2.0000            5
       18324      24.2910      43.8984      39.4704       2.0000            5
       18349      55.5907      19.3309      31.1558       2.0000            5
       18358      24.7431      11.4167      43.2237       2.0000            5
       18365      30.9595      22.6369      38.6940       2.0000            5
       18388      51.6563      49.1346      56.8799       2.0000            5
       18399      31.7007      57.7217      31.2989       2.0000            5
       18414      19.0662       9.3697      28.6647       2.0000            5
       18423      17.8979      29.4079      38.7084       2.0000            5
       18425      26.1673       9.5044      44.7652       2.0000            5
       18436      44.4719      10.4840      49.1300       2.0000            5
       18439      44.1260      29.1015      11.0416       2.0000            5
       18460      22.8507      59.0013      43.9302       2.0000            5
       18493      53.8469      16.1634      42.9330       2.0000            5
       18498      18.9321      29.2863      33.8281       2.0000            5
       18510      17.3863      27.1941      37.6993       2.0000            5
       18512      47.6381      44.0163      58.1263       2.0000            5
       18515      12.8541      25.7287      13.7550       2.0000            5
       18519      16.0007      26.4532      31.5405       2.0000            5
       18537      47.0731      32.5800      52.6338       2.0000            5
       18608      27.8058      42.4522      43.6328       2.0000            5
       18619      30.2258      40.4929       9.7283       2.0000            5
       18652      50.0894      58.1114      44.1019       2.0000            5
       18656      52.8329      36.2496      49.8320       2.0000            5
       18661      48.6793      33.2198      15.5999       2.0000            5
       18662      20.1338      13.9597      46.5292       2.0000            5
       18668       9.5335      45.7765      48.3246       2.0000            5
       18685       9.0045      19.6736      23.3370       2.0000            5
       18690      44.3746      35.5717      51.8832       2.0000            5
       18695      49.1857      12.0132      46.1386       2.0000            5
       18718      48.0627      37.8518      23.5465       2.0000            5
       18727      25.9337      42.4807      41.1950       2.0000            5
       18754      21.2218      27.6233      28.2795       2.0000            5
       18762      38.0033      31.0270      26.9374       2.0000            5
       18772      24.5087      54.3172      45.2478       2.0000            5
       18821      57.5168      48.0262      41.5108       2.0000            5
       18840      54.0978      27.4813      49.0347       2.0000            5
       18857      41.9248      38.0774      38.7775       2.0000            5
       18862      47.1332      17.4667      58.1096       2.0000            5
       18874      59.0163      29.0012      20.6336       2.0000            5
       18878      16.7355      54.2875      34.6060       2.0000            5
       18879      10.3015      55.8640      51.4661       2.0000            5
       18891      54.6265      47.5754      43.1657       2.0000            5
       18909      51.7939      15.6244      13.6712       2.0000            5
       18910      50.7659      25.5378      45.7590       2.0000            5
       18933      51.6449      31.0995      46.0474       2.0000            5
       18944      50.2774      49.2298       9.5605       2.0000            5
       18972      24.0459      16.8328      42.8089       2.0000            5
       18979      43.1761      11.0468      34.4210       2.0000            5
       18982      29.6141      42.5199      47.3847       2.0000            5
       18986       9.9039      39.7152      43.1633       2.0000            5
       18996      26.3905      36.1213      38.6096       2.0000            5
       19002      25.5946      21.2583      41.1990       2.0000            5
       19013      50.3198      32.6710      47.5382       2.0000            5
       19019      22.0720      58.7148      46.3352       2.0000            5
       19069      10.1584       9.9873      22.2529       2.0000            5
       19070      30.6514      48.8387      10.3461       2.0000            5
       19078      22.5782      42.5015      35.4270       2.0000            5
       19082      20.3390      11.7337      40.7333       2.0000            5
       19100      11.7454      37.9688      15.9031       2.0000            5
       19151      18.8093      33.6357      41.9985       2.0000            5
       19174      36.1933       8.1483      19.0664       2.0000            5
       19194      20.2257      31.0661      52.1434       2.0000            5
       19211      27.3594      14.3714      43.3794       2.0000            5
       19236       8.0136      37.6826      57.9371       2.0000            5
       19238      56.8967      22.0426      43.0017       2.0000            5
       19240      52.4442      33.7617      30.1183       2.0000            5
       19241      37.1456      13.8534      42.1047       2.0000            5
       19254      42.1777      11.3195      49.9080       2.0000            5
       19258      50.2666      56.9624      25.8699       2.0000            5
       19270      17.0858      24.9590      37.5049       2.0000            5
       19277      41.2545      43.2418      20.8581       2.0000            5
       19290      21.2909      43.9426       8.6898       2.0000            5
       19316      53.9172      29.8292      23.8565       2.0000            5
       19317      30.0271      51.9938      51.4230       2.0000            5
       19329      45.4088      34.4222      47.9650       2.0000            5
       19346      21.8640      53.8027      20.4647       2.0000            5
       19366      51.9729      34.0377      49.0709       2.0000            5
       19367      31.7513      39.0455       8.2600       2.0000            5
       19374      36.4954      43.5329      52.2876       2.0000            5
       19387      51.4479      23.8510      47.7667       2.0000            5
       19388      50.6433      26.0686      53.0265       2.0000            5
       19404      39.9724      37.5591      47.5287       2.0000            5
       19453      55.4681      41.4070      53.2464       2.0000            5
       19461      26.1035      27.4242      36.1084       2.0000            5
       19516      51.7816      16.8156      40.6963       2.0000            5
       19535      52.6973      35.2640      47.3683       2.0000            5
       19543       9.9618      45.6637      46.1063       2.0000            5
       19551      29.0431      32.1082      38.5440       2.0000            5
       19622      48.7600      28.4582      43.3913       2.0000            5
       19624      54.7575      46.8115      32.2931       2.0000            5
       19636      40.6271      19.8888      27.2392       2.0000            5
       19646      45.7329      47.7523      10.0336       2.0000            5
       19656      54.0379      39.5967      48.4971       2.0000            5
       19710      27.5837      27.9712      40.1703       2.0000            5
       19729      42.1411      42.1912      25.0315       2.0000            5
       19767      54.9803      33.0431      14.0125       2.0000            5
       19775      42.7154      11.1644      47.3711       2.0000            5
       19786      40.5846      38.2311      15.0073       2.0000            5
       19792      56.6226      20.9856      32.4930       2.0000            5
       19824       7.8199      44.8500      46.9011       2.0000            5
       19834      14.5263      28.9612      20.9065       2.0000            5
       19865      57.7503      13.3400       8.3912       2.0000            5
       19872      46.2178      47.1712      53.4918       2.0000            5
       19876      25.6523      41.6110      43.4760       2.0000            5
       19882      44.9933      37.4048      50.4716       2.0000            5
       19897      29.7924      44.9360      47.7536       2.0000            5
       19906      44.9469      32.8061      41.3030       2.0000            5
       19909      46.2777      27.3381      49.0494       2.0000            5
       19910      25.2283      14.7299      45.5112       2.0000            5
       19914      15.3701      28.6541      38.4838       2.0000            5
       19923      24.6637      43.8973      54.0079       2.0000            5
       19927      32.1289      26.2676      17.2594       2.0000            5
       19948      44.6112      35.3690      43.6520       2.0000            5
       19955      33.1851      21.1865      27.6783       2.0000            5
       19962      22.6652      30.5963      38.1553       2.0000            5
       19965      43.6626      13.5178      32.3315       2.0000            5
       19975      48.4217      43.0858      53.0330       2.0000            5
       19986      17.3327      43.8332      45.3185       2.0000            5
       19994      24.8239      36.4244      23.3912       2.0000            5
       19997       8.8806       9.9201      58.6371       2.0000            5
