
 SPT   Si   O
            1            0           51
            2            0         7439
            3            8         5672
            4         1946          170
            5         3467            0
            6         1233            0
            7           12            0
            8            0            0
            9            0            0
           10            0            0
           11            0            0
           12            0            0
           13            0            0
           14            0            0
           15            0            0
           16            0            0
           17            0            0
           18            0            0
           19            0            0